197.66944424524002    178.7104450843595
239.32797077560133    263.2525443476318
319.7474685773843    222.28342440922532
209.5631325738924    457.77867156043516
386.33799979764274    292.3942153855149
324.76371500966    486.19323856583907
148.7827007834492    88.76131429395228
169.36790893704003    165.87159505543045
380.50404989043886    6.142559299113893
389.35961300154634    182.93028916207533
419.2193471928945    439.74933546815396
417.35426974938764    371.2074047999413
141.32386063179888    218.89785445367875
10.598677543818555    54.48178399428765
96.52399662434506    359.75814618557087
423.2531602140504    368.35424029914805
134.16192018613074    108.64112205776016
120.04278536478934    247.52948100255432
256.5943537034578    351.253537322322
449.9000826034616    451.99823581435055
309.3987198641805    480.2752693129665
93.97486263387684    247.72677690010312
419.2384398491401    370.8362575915886
317.07863692759764    298.74042221929966
44.81332817128672    131.29372675942446
63.821280445109956    450.4639458721499
430.39470143706467    53.86757652605035
130.24320381978796    128.93673648854949
416.8945743213384    298.00049189964767
195.47471293786228    148.0926952939398
206.28918877639845    385.79687504424015
159.60977560814885    485.21369435411196
399.4264948009443    49.94159679170395
394.298451760179    8.14797780037553
320.3325088651805    167.47180489017555
365.9140960820301    478.20452773952775
193.5078348791008    314.5433748519628
302.49464009647545    36.42008977542741
118.97618149924028    463.99598696227275
401.511307484057    301.50315766711856
457.325130836771    442.877945131451
446.73373781828786    163.22681735135518
143.6663813809928    119.44709066508695
366.49117106791374    108.7402658262863
320.3103563648784    238.33524506902916
208.8024710315924    464.69251959416226
73.34428080441    139.8547022967809
225.15806378825164    475.29878492269654
18.67676058622673    422.664838208963
382.8046724294015    114.20325962771489
71.35327282177605    424.5355233285821
280.01565918711617    135.35284537522955
368.9888020606407    403.7416509709682
69.04800027832005    331.7475149203781
220.98308475082328    11.158541021701756
435.17723405292185    81.45386624941581
79.8934900960674    56.58772774090533
366.60523457996254    365.58309155699345
293.9678161099677    388.9416893651314
19.868441233336412    150.4995609719548
328.6833492444236    17.54821854738386
76.2726866825342    191.0389869174427
423.2465748595894    321.2353973671251
174.1833393411433    464.319355893224
376.6725386726315    369.0361308424752
493.06527788481634    382.12428869662915
382.56338640233326    228.17649575252074
350.85057980109065    270.29775783679054
137.86874031182342    212.50920083096472
118.92355090148278    230.25050142805262
215.93460612317915    340.3660792953277
429.5805683959261    314.1330501065783
439.2175768697667    448.67211413840295
39.867013232501144    489.7396782949998
211.16763317991152    124.863665812849
475.6773805763086    59.6039604174951
34.512172415818746    166.5296219547456
228.85750228084416    253.67537360108685
58.31264695665845    339.16185086419796
7.291150801830354    204.38646322711148
317.37603491054125    41.662871921941395
214.9774578057596    433.3656139482358
179.49299161040634    273.73528103439304
9.94024783266007    95.09861962866952
394.623358147008    128.29084598330206
371.785794355247    352.850085329014
485.14213170805624    132.68484238119524
174.1631691461082    17.513351369995117
245.08040815628024    340.96119236551453
302.99711880399025    315.36414403654413
5.227898578526221    168.53665060115725
344.3419342306589    385.3437495273284
141.57046225686014    162.59775570785615
56.43812183665672    426.7895520776249
136.3518700062343    168.83085638319162
189.54363446136313    146.82682893163297
176.4811208868663    54.24050384151115
361.9468360271516    55.85133690583318
353.70292855636785    34.89228170780405
41.714744531752515    16.74562370401659
249.20780839787793    138.3347305123477
44.78427803645835    144.88431954279457
188.33317805961855    180.08355529211872
277.1269344099917    27.174693513176514
408.72592052082086    319.7350800050835
43.80926568279327    495.5287335934889
236.3701119976888    243.04559206248348
197.64296224225617    181.3112595629059
56.19737701707999    277.1706087097636
325.42441776393036    314.90485884793975
87.90601059694173    456.6155780350945
448.17459244438953    4.865308937008728
420.6620937691081    266.0126664929809
489.5550848335433    288.1860093085328
482.6349563280267    329.4124702642603
218.36120734098475    495.1350274476851
259.13979916226384    121.05654745348507
447.349154723898    451.6620352509855
82.96769368164533    347.6840388843165
454.2873642607612    339.28416805702824
72.20900876405207    125.86340817397024
341.78070170183116    465.67643111096334
1.5624962216412221    467.99328431131306
85.45870818250546    191.45411880167745
99.01615630061089    246.34977619539436
427.3784937541204    445.71775297003774
458.97422976269627    8.408991677898973
115.181705210709    55.760664638453676
40.455115270212616    70.80998506721814
498.3873158313621    491.84290599014844
356.60120739448905    285.5600520527127
243.81509671297115    209.85906187609078
257.529761138395    403.475280170348
137.74724492227347    376.44537022462316
234.645745130232    175.13582807761642
215.47419230767136    408.92933400398573
38.327226411611576    225.97116515174773
307.3069713499086    189.40392504234842
109.23636343100216    41.0930794897439
423.28577663454155    220.71473368056184
420.92426509643116    459.1590597169088
364.7145770238156    12.983107711192357
485.50081471430053    115.50625630509056
360.27718551936465    496.3719070055621
415.9826129296357    55.513088965724265
214.34535066631804    446.2566326473416
415.70806072819744    196.99467732493585
377.2896464991445    255.63417079076348
53.1161191766034    165.37114708532792
104.27288368548828    273.867884818589
256.965025958763    224.3154743422481
477.8515934381668    362.48323968416776
206.30747151485383    495.6117854391203
356.29885051265916    390.99646146282043
407.09753049915145    171.58595046468156
63.857007315434835    169.46278919152678
500.0    294.40993812281926
397.77878373480365    166.7642526841927
374.90856737031424    136.1329646780554
473.9686085472158    327.3794356062478
218.0701153510651    421.5657596248935
158.7112125565166    290.21103210665336
175.11188967625066    234.39873798930782
237.26923902351731    353.1761633184302
51.67711732271055    453.73498701904094
352.9859961726857    292.7947661229042
439.78340960767986    159.93958799675187
386.34157709012896    168.36969747623945
266.6569387244217    296.5195130857048
243.71877840823524    8.101513894546914
131.907594519907    202.8541249252649
0.03376110304875431    151.581489502083
371.81555230416745    278.8808145258228
328.2312481788043    44.096376648872784
159.5046633486297    99.77342465396136
130.42454811233452    422.21269382829416
105.11078242391714    190.2621812133596
439.40434252057753    326.46931113103574
91.71014344980557    261.5969812130542
122.49645217181754    154.2449495587066
125.06083218769061    440.2144022832698
291.1979228159766    98.64883761344477
415.25888339573663    461.1550655371614
424.8431193322232    159.73386741590184
12.904784435612473    96.67248887317554
443.85552221014774    85.30110774299219
316.37126202713154    459.57623521858056
186.62720080894252    208.36723870325469
195.41375074963602    55.84540831454967
222.54313836304962    408.01472331738734
1.0213592019684752    89.99401761289121
115.39790125337485    126.85681534239578
489.0915835706371    309.95205629345
8.461492177279547    260.3466823439623
372.92335583755863    309.5843627628307
483.7317970163335    84.3641537587774
120.9447211933277    299.9118354951624
341.9581786014325    446.202642190858
356.02449511784744    483.6052574734597
326.6408413292938    411.27061749749237
417.4637261235445    323.278175000227
158.9774011230861    125.79520878229427
187.68916542354486    431.3135506951628
195.51947570409362    422.8364090048765
355.0906122521268    457.87559627696083
471.2519407137641    187.5362907960347
258.47731162671647    386.90247658114566
496.28242492138634    484.95428422509366
31.895918235531994    393.90004827726324
19.02153132444648    488.17008210725675
195.50426005590535    95.59302096192772
330.1882049418581    42.459538216941695
101.77407493711475    420.2319607263469
120.76085049513237    231.34058935741862
451.2394195160707    479.2427201801266
327.5732003614534    341.4800365590633
485.8502608322319    277.33319048249956
9.458362402631222    311.2560035279867
125.90616924670935    248.47707219725245
249.45880859187773    130.08208452967793
238.62045037947718    127.76311845582086
362.7163374055123    457.13426689004814
308.44646763058125    360.74020073843786
223.58359298227455    17.02947258324995
341.4053350407483    312.8847665589531
249.32930879284575    189.13029412377153
379.80949066820733    496.5061779187177
422.193071026493    293.5460939474459
46.12727143560246    424.59663358519333
99.77238817433478    379.1667205409714
460.3793744178793    148.8480851345223
168.2982195970805    12.919144860687226
229.00417071383043    75.29459450233932
237.8304057584241    18.42832156716872
435.40353671659534    157.0653200222068
185.4905433791748    370.81568716454507
230.9026704646326    258.37348549694195
80.0335169910253    226.49209955964105
139.16023377607863    25.66551374733478
209.1594802141504    164.8486834091235
498.1422876217811    313.18499833863797
456.3265092232907    76.44237970759168
496.6864914956718    137.53728957708054
342.1899713124538    341.9812909268262
435.50674482652175    94.29790409021031
1.0190424368846682    380.2938909362458
104.80893753673519    388.7656277768673
110.10953097094594    155.47819508455152
167.34215627775555    14.861759777470304
324.98544864713307    43.478700054206136
152.97359471271469    266.1363315080331
380.0038828627379    318.4243256878768
14.209531994029128    130.95859008980662
331.72058121148393    364.5437945380587
184.747280385813    380.0472112847529
424.343488197581    110.92987060704831
471.8448146840163    447.1511488098173
7.502342215868528    401.8229405972521
237.8259297104057    471.3575477946746
452.6417785260838    46.95466861902844
411.54010022932357    370.4340332178372
362.2816898516603    400.00917217346415
83.79627206064185    103.34187169180652
267.48580375861536    269.6188725405903
85.17846325724832    120.51557246589351
409.3799417849466    432.3403432467694
453.1442152082443    58.681683391613326
353.9608153211534    372.8281087875411
467.1976759744104    314.1925935718486
490.8016807583682    166.157177494354
188.6480147796232    33.1937716863138
105.3638914399036    490.8377162470927
465.828634628879    93.84859338978757
458.00731443293273    266.1168365686521
256.3671337823667    132.73577260595084
218.6168318560251    356.1207718011563
351.3551874481633    247.72427815749467
245.97976878928935    469.8590242550213
268.83788957362555    204.72577966056923
359.17964364516934    370.4802867900557
232.08257491714804    91.97588012742551
49.40289934591974    221.45612741823535
490.5504910890687    27.985536722449503
348.9196287534211    250.6917430583158
462.180150436678    150.27936862644214
427.13137721039686    137.89301056897824
78.65464786550426    379.1563580463639
487.68255519181406    486.3686376314483
438.9015154979758    398.9649549626765
226.0805644328634    459.90209807898395
99.46510427789417    287.998510321257
147.05313314193938    474.70360257271113
58.62941377533568    445.65294349619364
85.66065722324582    173.90799163428423
4.246608178080079    490.7363966240471
252.79810235742806    223.4055873932115
240.83157877360009    263.66543638546796
96.87223242152692    60.29889330425207
2.8091368327330772    410.8831386590203
291.59236589415156    246.35561726757913
435.8041144966929    261.4279511297573
264.3424403560776    482.80143885223214
10.49740597098648    263.32776887054786
482.3962317774032    304.72841413176843
389.3096457725949    133.07863375700077
279.79026956141814    333.57060736661754
119.85165676290018    105.83690439690561
219.6956004960345    447.06013200030236
440.95322697578825    261.0379334218676
96.13677387517431    399.4075643166393
4.747205231130845    240.33737633364598
70.43806039046265    337.69149071718823
267.69023527008693    153.7604379088927
486.15911738055706    329.74181207755913
394.86723088396474    294.99383544969464
324.95927128359574    373.28897169133245
75.70957719600754    23.5269144411405
379.1771352083663    213.41402705458648
211.23259755752926    170.75099921659262
393.5389835715773    371.60679040314403
152.8818707789309    21.538544717892872
489.29461123185075    43.27729962787995
26.82069770685735    346.12673007958773
211.23247551191406    115.95617162836504
391.50019780023126    158.8254383178035
267.35995912935005    241.3420590573459
306.544027049727    463.88715498813417
176.33319786099435    438.2606236585325
34.21530022312042    434.67687914536367
10.372899312239836    316.1830755033344
246.69491793941614    297.9653356942619
388.81906306954767    222.27362867585134
491.3655492929255    389.7259278667898
114.39463433727418    409.01449343539065
374.6333174564264    173.92686316931594
315.00872859319895    98.53592826949874
17.97279757521871    94.05984107080181
100.28602652790892    152.87886982157895
463.4808205758574    186.40304214664516
265.77606251023263    407.4921776872801
402.46899704553545    59.910513927924846
180.31015498521765    53.140574464568544
323.9183327703985    270.0067056421762
172.21477055067703    245.10801665716096
56.9803207494841    266.24236021825766
12.561965079375609    11.055185903897046
275.0670127370461    274.76685613192234
449.1115123547785    14.769283304519373
48.31316218044136    348.4256742843699
288.676838925049    435.06519812116744
304.7759846213238    190.15523985150463
223.6050885839294    210.3714349827133
425.78645868608675    86.50944906671293
222.32662492706828    41.48066928158188
359.1612367621796    188.36343044718637
420.6396062409862    359.9719778877768
109.89491872313626    72.72406191761021
313.63279611635977    81.21844634537979
190.30452037271763    190.50928664235974
251.2950480969923    234.43874459916037
477.3093454101776    365.3347180809283
403.96716524278025    89.70216466720703
143.37532342212705    450.3087858419988
321.7574629561383    232.38509599034847
271.79699748096334    261.8279034288724
73.3179538655511    477.1672697785258
473.0767122269384    119.28731382890354
172.4076981725765    38.850944124802325
120.49358635491231    374.8819650795637
30.135452792514535    106.58132051505069
344.29835124303645    201.2998253091803
281.85914891950864    469.54936452881725
274.4165863645831    135.54434822623818
114.25971422039264    239.61320950079917
0.7870066144470635    362.0216092643939
210.52480129191014    421.421047362704
397.6336107540797    367.04072590134416
358.2762778674368    379.14585643547804
17.880844356736496    476.4426530192211
81.84115657202999    449.13781350635895
191.68877192705992    214.80764254218866
277.67929373902797    343.18349953655564
126.75998871182148    417.1430446726022
372.1876103300827    481.3396676223797
347.34347202199234    416.15731137050585
236.20089227888997    373.09339729319674
457.96561160368185    406.82582207405585
72.2265432774811    299.59810759572923
324.7372295869166    23.22592541864907
262.96117137037015    111.69150162890877
296.97742871798664    338.5202676608877
326.54354628595746    230.2606060089034
390.86048789259365    52.42797339520334
334.365703413916    245.37595549080066
230.24551783581882    272.19165058494366
189.16774070962796    76.09491749871563
257.32320191656004    257.7794527499265
49.245835205763164    124.71483237267788
389.08063769550483    448.5695929372587
149.42005412501652    152.58903420662267
86.00174975127904    89.31160285447237
123.8812160639762    235.78461943593737
41.54427714013761    165.6700823256086
228.2263664846903    168.0384812549411
89.61842668297967    123.96135033109158
383.9296308119673    251.02201183084878
88.64837495016612    344.5034286820512
302.6521170502945    127.1017713289302
265.43017925174547    170.1839815137231
287.72382373180875    5.689232169419128
215.35914501246359    92.97027756909023
293.31930384285    95.4424632031405
340.62398884601913    365.86830551419416
432.2828010098778    371.08432128520514
42.05510490148279    424.31573037447794
293.64980040265306    205.016782485463
150.5865416795195    47.52656120386375
264.9043107958159    375.46965153799744
409.4039554547594    27.844730788597005
105.30918154956454    379.9352851288576
377.5791697169431    465.0243979425684
188.2652928221707    413.7410418441522
232.79227888062914    83.5240872576631
493.54001045237686    386.3707142801678
458.97056013183743    192.6757105158163
169.58872505167542    97.97120615952555
231.4309958135942    247.67441501348335
156.93181919978923    465.4412860603093
27.343588456400347    52.91586712387642
159.98687154100875    112.04361055959863
48.62237202126274    362.26816645315085
299.8121226039746    142.34253620147845
56.02015882370793    437.60246156076425
118.31456645408642    258.4251448459528
279.4887044168193    210.27209356857756
355.0630495485224    166.6416099700778
364.4504120493121    61.117363439838634
387.3396639408522    417.8898205743385
98.90998677946337    466.54110951282564
205.26737096648088    397.01175458543827
286.5964653852993    57.80620136868314
401.602846114274    485.2379001143334
299.55129396643105    166.9108908198469
219.24439997127212    105.54587445976671
7.171804025993415    149.9392849978259
360.1741849486891    111.61386413149418
190.79900729349689    128.04106467048774
488.05659290534277    342.6325658147353
195.83085815076146    319.4924222473332
249.36111774606897    132.5412669936067
411.7225551884891    71.2254442611094
63.28838153254367    209.57909297543216
119.03235496493897    256.3386891888141
171.9200516858359    148.8581903555071
474.10198650792046    460.4374933744885
193.9506203751999    310.41839206576657
350.9181774069378    397.7561542654684
437.2374243473564    58.07265390514418
354.1297805728385    473.9378729982482
472.82326850364836    45.87863058815549
172.01820657326718    143.1284609186774
418.01288063428655    174.06554959674497
359.5236788283282    5.621028860925155
301.2256543698966    498.8689890808328
228.65522977940554    260.824255857222
356.23917681135543    197.79684420903544
228.67926752610492    380.28430286847924
317.8505256386391    398.24133384761825
42.87906406275407    418.2695771698859
147.6722820175413    165.28744478864897
163.11125896483065    336.8564556637002
158.87638205387105    78.52493414084925
327.93338983727716    404.51132385501325
279.86729096153687    499.28610300713314
325.01556777361327    463.33260180962884
36.34423734608273    86.60383279291021
376.45687948635384    308.12720428092746
469.4187394466988    354.3548952416376
102.77093613280437    122.23798912798219
269.2477346444446    195.27317393517566
84.51202907154045    366.83006040995855
328.8505446691012    178.17995957366247
330.63005516314314    230.05318788001878
85.20189077223434    490.9840921534116
214.6807270637214    74.54072651062462
438.96293091318705    12.43515318927449
79.70407210430483    185.04755119663997
67.84588511656311    99.58684149956144
72.30175443968966    275.001088634225
26.08377012141783    276.23518064005583
224.30090505318353    417.76427392057053
264.0365808043245    8.983671639902097
285.05139684577637    82.12123699688192
105.40337411741592    140.6024441888072
63.76207794922539    362.3504546273375
452.25723948318756    178.7128921571207
344.78379683266724    154.76577887742678
310.7799452165588    33.26570194490898
290.43898436710566    31.962365911910275
92.78338648325563    441.2368153363987
110.70331295037444    228.11199172732285
408.68616144098104    468.0079816235597
369.05120721585587    260.3992575968929
270.2283026638042    402.96087850662826
101.93943430209549    177.5113878557119
392.6948560009546    169.40257810161728
486.8598960879094    273.52191876512745
5.8125076707193095    327.4999033565854
147.14934191318136    222.72450057240013
5.258532369184025    395.4308265835822
176.90508188178399    96.27464387823349
23.853113606994455    379.32343599876145
219.461700807564    459.6156616299837
94.28481664160573    72.92426394575136
20.747187838199167    332.3285969056782
222.25444905161902    22.4454983131411
88.56952957414525    174.41565401686285
485.2041275745793    160.15616172136416
288.84902456479017    467.15770540122196
169.62134693940928    377.48795731318575
291.5327372782943    315.06661325877764
496.441534613984    237.11029257994664
450.0850930789658    437.7958403019001
496.7781107643849    321.4820444364024
499.7950064556697    468.80693552724574
181.66104659115098    435.99161774487953
337.34807283509963    246.4404638989102
200.37640085689614    204.3835969339755
298.47048475318695    351.2521708663066
16.83667395036761    311.39963752188453
240.57604185103116    483.621268448866
478.0118472850637    473.9053987601206
495.2139763525984    269.5483792155108
134.72239628123955    31.02578111466747
308.54537120970764    250.28290180690638
231.9067862537523    319.4199158919767
473.56210108197916    463.4392472938982
399.98146731366205    230.36355398128367
468.62981933333936    216.0867971356701
299.8567217460524    211.65988923073562
400.57952676071324    294.6687509027497
219.69997085398307    297.82904879697327
363.17286939914067    364.60716313011847
214.70019372940203    382.3791479727043
102.38502507701973    143.79946705657582
20.84238950841494    471.90995467778464
170.8512851976489    187.02542212003755
86.0332428149242    153.99824783427437
180.85976453869088    488.31655350314975
386.3350041532431    314.4841680919854
86.62289131825925    442.4768445576911
231.06298511131362    441.028155229812
351.8501544287425    437.7453986929248
298.4073320688862    6.512472986231419
260.50903678533064    329.2718314947502
113.34499752133746    59.732393326225
239.27949546425015    294.93855653973947
51.51336831145634    79.50475304638412
32.63870369212873    447.37893097295847
403.3636582017646    64.51251438433282
2.4090913628505026    18.923642332832795
76.29550398061328    326.5245560181368
124.27927550007412    348.39930932805004
224.5253702984594    262.92018904402414
402.6284373862288    435.30626874860036
267.6916718879089    118.63078319301918
13.90250238023702    305.35879516382926
379.4936123313641    338.14068067410955
68.22732438257295    249.23456921253288
478.4202031818768    322.8758671018688
10.359990501329696    257.008714788398
469.3662391133062    350.0718143717453
218.8029640997331    229.314873644728
323.39751073503396    322.6684378721569
249.6117340695027    320.10256639930026
458.5544671549827    380.33747323739107
161.14926075992668    135.4047945496844
99.97688875398543    227.29369442805978
117.64381807238576    35.99727317760485
59.17821114271345    176.8887804580524
11.284715445090248    445.1785689862056
382.86328207739444    52.34757008089968
214.51334895579254    64.49335470532704
92.95346476161565    20.093052662473376
317.80858805782054    4.287877332597056
423.1881928921689    385.48336508163277
204.6980886360055    334.9871023044763
252.80791103466507    378.01731028218694
373.6950204092528    373.04046383870207
324.55453904554173    128.90900657452676
14.576650750956999    393.7500701758668
119.7789252185061    455.7773429027
342.57646696302857    95.8003407621876
467.2567649870447    285.20271500473217
450.0025865801348    446.18482797241313
261.41200119860696    102.23268503278254
267.92983377143133    218.5687182487408
476.58557517520865    40.09985764739968
85.41462759017449    0.6060255301088098
400.37063839955675    418.62871924245707
117.09756546774777    197.8583619234735
448.0984292648655    26.762058785295803
114.76523249647653    102.38054243548228
142.96204169080877    260.00299795369426
406.5755732924552    499.250476130077
395.92033727197924    174.15085958833728
119.3910216244562    488.8516299930002
322.912756284994    463.15891716427456
324.1506471417045    64.02250335089815
370.2344348420269    150.47381735171845
437.7897713626563    369.410332075828
174.15381949862012    436.14615100628384
58.877013670963386    373.6325013136981
441.6431570797059    293.209970466587
356.4584804152401    109.10916668412929
361.860591912988    79.78248431548793
443.03640681345155    254.25390585518016
332.53947652266487    420.4760635378145
102.48712091135623    139.21448382543164
107.59114940141995    404.12413352188236
413.32139663714315    368.4390036905359
129.36612610210994    349.93854765955916
247.88045195772156    397.41857169917694
361.83791882704503    274.01646737889115
353.6049885068586    242.2278803932391
472.4915087997264    318.2074904711703
48.60528854579787    351.7753247053356
365.1670363210223    400.7679498500336
479.7490569150195    44.11712201916857
321.8214252131038    99.40687882082275
355.1615922005759    247.53422346537698
28.280192522552415    388.1759576662785
255.28072662013045    255.13907392402575
225.78776618489155    395.7218274097514
336.3367042294839    217.80398444740212
16.947816759239572    37.20916383656844
308.8762501659373    487.21421392109164
213.12950489631038    300.17411584986564
85.58524588329789    97.9641468057609
278.0511292949519    130.31162641188152
136.45682019114747    386.13612738141836
413.68717523902075    87.09216088508919
297.7555124247577    9.446942960981835
428.75657111580654    71.60501817823987
304.69145777870773    335.59518217048526
452.890417097529    40.99825546040024
345.90009507340324    396.14947633462714
225.21216145348708    50.43527651730928
484.3419239617927    476.8249702214165
212.9457862592403    389.2191375840035
238.39798717078182    330.8968850953084
19.899111266529445    427.89088657051366
173.70440824967173    11.01307320125123
295.1872078641347    378.34836492955424
39.306845207363146    97.03641210147782
183.2541263820079    175.39162097737142
90.65080668939405    445.0444814992119
171.37484518460096    289.29947416002557
24.443913250906892    312.3849946353382
423.3869103064621    284.52531996657655
351.75628994628966    45.762098642637696
164.35988161639486    483.5246538629924
198.89109173312661    219.51860613042817
254.1990235574462    139.2873134020529
87.81721432261986    73.30067737719479
179.27597576600292    32.89324278707983
223.3622991481569    442.58344369438055
302.9667814717572    153.38470436752382
302.4486436095794    389.0405204439679
153.9893618134224    292.5739922635463
32.79256318332612    366.9226826415333
428.8515432838308    372.09248947479466
331.0464632643665    424.5831237182456
381.5131840388438    376.49632941266566
195.62071603497927    143.66668528585896
304.59495167313025    311.7571995772761
9.01787372614858    31.665966184942953
163.4908568110027    386.02713714102725
176.08774666259345    317.5783803532122
183.99125293139278    351.1291575301109
407.64057987520243    276.54052297492615
38.755294308455575    110.92214484117336
141.1035150794237    123.66068326164874
39.337542625581655    17.771680187443213
167.24972222400365    36.14266265495553
385.458456030142    472.15757453188337
391.37354159519117    471.1195750122562
85.05411699857662    199.7130293138732
315.44612977913397    305.11336387117507
68.7447037790793    178.18546586992724
296.80349249793926    267.4269131800623
54.03511848334613    344.64723872384684
246.50539808003253    488.4073759881329
116.94184177427498    497.55018072138904
180.1981701045044    189.17767846597707
79.20688207110845    22.013362708311412
266.68940758490885    342.987777215042
108.73884953851821    232.60418730157008
438.48816641507915    93.71905603882087
480.69090965564226    160.28774325922797
46.75188680210746    318.830121434949
262.3209540279317    216.26606910079175
65.33969017410404    187.65519399101538
396.8341115513464    423.1128590430898
354.35078417449864    245.0490147422843
135.78981925024308    104.39886737739943
287.16314025053305    463.27103723077903
244.3100605056476    95.60520416480706
90.42031782621986    435.516135207022
323.31756431753735    197.6788118576422
338.3117707001722    416.61632608267905
450.91637874740184    76.76578301946762
388.4573266447787    401.12010768805766
298.4974118370387    292.6706798496871
497.053189406449    258.79499212324674
267.8811695859563    306.5469197333728
144.69942191732068    438.18044797126583
309.9492217939553    376.4009368266428
243.88097624934483    106.61667450661187
128.61208701978015    251.05416601905722
331.1022632168239    443.65373532681804
133.0393389913375    90.79196308732226
95.67528218493104    89.44927143505794
81.15315008882119    497.39970867741874
235.82228805166216    240.37851004804696
290.2310301204746    399.5329954232949
12.74268872297373    68.65474874103141
293.23903064722276    458.7636573953293
363.60311166672477    368.17479580781117
127.97478335685092    463.12954682449845
214.34225816999512    391.52618167344656
73.76404150075953    344.27596280747446
137.75622929385486    447.7385074500932
15.914076503710412    295.4383780613705
171.64953517692868    101.8552939808705
99.7653710863916    420.22681548799807
342.90122665736607    392.46121706413834
385.09804065640185    143.60418955049627
445.17777900879975    342.57504537701533
221.82393450944062    265.66019197064924
388.87619121487023    140.63796718401122
283.0456606146557    3.9251540315518794
349.6558976346211    55.060682939640486
199.84699157464098    125.25079087361374
101.40025806269585    378.51587307326344
194.42618661440775    136.6516708228829
331.5371630717732    333.25046020438424
165.68870206416864    469.9249212570782
495.32664631825446    250.73390564836282
216.34924632299905    276.5551708191026
375.51298320998967    133.62421683966235
346.01307406240085    361.3349626254525
114.69745733636893    267.39233119162
163.61205748732354    436.1650627494694
218.80889831625655    110.2899696988151
465.2615574267787    270.54976690472574
12.379457354262534    467.7109600067755
7.5270075352905685    485.3856644060651
333.51895755502477    446.7021800946578
132.72065347682664    143.82123664814478
400.6489680793371    391.57081317524165
125.03831473912918    31.782651870639906
91.67688184799728    125.67164285574198
138.92353301018127    52.80766665102218
422.02403692104946    72.638871302781
126.00181962259583    470.2755447566654
138.83738094664275    205.51650616836235
410.86311594365293    52.224678218951034
110.21850003428882    451.20306750070023
335.82217318957765    456.40005005004355
125.5434118683    95.23127819569046
280.815101169307    447.39964643587666
136.1152090698664    55.10160840850787
473.820276194173    465.71172737887866
271.23861315743284    65.80728312080647
417.2008988606046    383.7515979176484
319.7469376665207    193.2651817134197
49.83017634815405    132.30953479726597
340.7929156795313    43.02414138245836
88.6753159724318    156.01968684010467
251.34368525529806    37.811190350668525
305.1468621574463    328.5193729208772
431.2219965515718    331.63800593051616
305.5423651877015    179.17021242026587
277.59939485660874    470.3315072396983
253.3246829573214    16.91353969943786
358.9578926440541    150.01638047641705
410.2639841577258    185.48284523498856
294.35943398157684    158.66637854248447
175.89261843953952    201.00457409940392
72.4286134350166    214.49005408283995
332.76513461209134    150.36719801657406
178.75630400469572    221.33205320548134
222.1916431484189    387.5883856635231
318.55324717313965    352.2169752974357
52.88768375638862    130.58655245229872
171.49390799138172    41.0258487379782
103.5655515623788    62.0313837928879
278.64166299713634    241.83426600973442
121.65638049822128    315.5748630117857
384.3398308113588    30.136676474117664
7.8206183253530765    72.98764857227431
427.2814548282193    181.33030354975503
133.48819659487677    486.2010622840405
337.9180555354379    486.04677729197743
222.97888302747475    185.64449030027467
18.366237373573284    260.72182837746413
198.56559412836714    2.540317055026269
233.13964006895338    47.78403677246478
268.6253697776868    330.6373116889214
474.16735788801066    265.77691430936835
321.98612542551797    315.8243552351029
66.25249294467352    131.47992168522043
211.94092432626735    438.5533131062208
115.46064197032453    333.11818394759155
450.54953114847115    38.163471654751476
246.78407661923512    126.35302934462281
146.4237671140551    310.7499800355938
489.2268304427237    345.8757396767053
394.7537947438849    97.77874150021802
97.98971395497549    149.81861162718707
473.9070042419937    230.02538072350563
418.3169459185311    196.29760446443564
394.77631613740823    269.36424916572764
75.57727057392319    306.6092902516762
215.44862456760248    253.92172944213402
321.70167255390004    138.45268571807975
309.0686101362545    223.09722964361754
203.4179897319786    162.409057665565
421.47498448438046    7.801773128011591
318.70255041696254    436.27110354978873
16.950842971682295    433.4116019948602
428.968823669626    81.17116281006787
477.66863888348513    256.96837293324796
313.0291622007603    138.00048662822985
122.32077766281127    350.9262593875827
462.6755328110776    422.3232748697274
482.8590886145441    435.1700992997978
369.3666004038757    73.77513386716602
318.2282002055916    37.79535882877118
439.2504389829678    299.25071364552394
213.03776451204516    414.8462691148087
473.9096649391149    443.05749787021506
173.48433110714345    373.2808752479654
432.66587356279854    287.26818776111406
0.667598314809514    446.69313886018233
156.42001793553436    60.39713645586851
139.1609620731422    56.44330851350482
8.644527126296019    252.72084560558625
79.70494420944038    169.44852854190825
46.98153786792306    342.6521877008483
402.0272124694643    168.5884258529985
328.5278030355653    415.9490877981736
233.02197352889    120.85772223358472
83.42558618288018    58.30813177702914
29.819216677011827    76.41894145947064
269.11105117066916    339.37984548440113
106.46006518617732    97.22404667479034
38.083614000988625    161.61456256311334
428.6702395786067    143.51646248856872
96.33341463402994    79.45035902647422
345.9984988329498    127.01347720713622
277.45951755326206    201.00729122024578
269.75204348019327    454.96734967081386
475.30389064018453    369.9170462545218
53.24965362165318    228.4246488943931
78.77418920284188    460.29804868223096
215.99975638950556    400.054760152755
158.89462150671687    144.48599355953107
37.89708522591822    91.4165646736981
496.4425883523193    243.89553365492554
420.9305704723256    35.02764478919592
201.297439638291    161.94302811137612
101.13185710281729    307.50159665698556
11.456118226100644    253.90035470454538
430.0851661123757    355.92496561331785
251.5615386299087    483.6152335837325
441.50892573083826    442.1110057058146
63.1503207803975    70.80217261577921
260.3117172608173    456.93271254322116
171.7854961575326    464.2483793348998
158.1600540384151    148.5041645451143
424.4801260869019    225.1235761528168
145.23618741596547    21.8188742885021
308.85351115252655    492.44099981133894
192.21188397195073    222.72525636214024
209.61484977588793    357.3644773307008
104.76914873049073    153.80290415564733
177.5432288499366    72.03255656626719
336.08239587171227    127.78982492999937
111.00170352176274    446.7219770208999
21.008209074055817    10.156559731564125
454.39638057905864    468.5787519125921
227.7806668986116    344.13896966265514
184.3873587956096    354.60267898996347
164.03713822070065    177.81523827707522
428.2038080823121    421.6231352428887
119.63275692527621    91.58434804344579
53.09898444509076    258.2933093071518
345.94171331231746    215.5827417269751
363.9199864907943    315.89931767859855
446.68375917476936    305.3509781156437
235.84337288145386    51.75019405257887
100.38489531981253    345.05578285240307
280.4098049403635    318.56295764365734
5.331678439677239    85.47794572785493
268.9665796482414    3.926626367114135
52.37914988377803    313.67787441971615
404.8631389735501    414.89323030617595
75.97018070395909    429.3623522436056
185.21608294230344    254.31409631603287
26.337716697579417    343.98915731340776
498.0006001104682    335.1807516843884
360.61929564560836    417.45334394180406
113.83118866500654    414.0074380858142
181.70128330430012    451.3801309634597
303.0032976032677    365.08332818075996
133.22469151584608    141.07902241506022
181.89494683367624    491.81761401170456
14.08902231998637    87.46556200830372
408.83165076660777    297.86104686875666
132.83503396352728    473.18243032364427
392.5240787418382    441.08242649128624
191.56018773542613    7.301492337668705
199.3749262680955    367.17069180934385
443.5948548505491    99.46108012611727
397.8169689695263    62.05755906015363
297.93707435535936    313.19617790563865
290.73244987097354    164.75508044620486
358.73019676076666    474.74303675072485
96.9647190658896    23.719920010196862
495.1809293976725    262.2232424168754
286.0116508703706    217.81164177318868
345.23573583523194    206.3445831835002
479.59634858368213    461.9891867730067
385.7531412814487    256.0582139019467
413.1763855786152    4.758077905941231
152.2083093004053    485.46107860758656
308.44164906099496    423.07412411673516
434.7872266596126    310.3731910673108
444.2577669006582    151.1124484443079
245.94745157389374    407.9795686482527
354.4116263763629    444.06924247016684
103.79345456116927    8.417413193515014
327.3041713309757    72.61875607793026
105.0363104087628    247.13632114762194
268.26455434594214    224.91614759893724
185.1168974759008    296.3738087779645
24.22588647115193    288.2913163829377
147.02684034793828    129.2832943401038
76.90104975213193    499.3651126442817
401.14139171854504    491.6515729394644
372.6100498805039    317.20622813164624
350.3229920748557    347.0314339186461
425.32372487006427    143.65914582540265
66.08027031721225    192.37452037499358
289.3323442036632    324.37318458185064
372.6420215278752    49.18076047942823
106.8154772786822    454.3934377218033
344.2848270283185    275.16342819222257
354.95244799357295    340.67101951236424
243.68271895677782    397.80188722251046
207.41425829532034    408.6654544360601
460.25531659374894    95.05219634583251
482.83076770466545    60.04017347797216
138.74623608976358    450.57992545945814
279.4467988091985    170.08934188941708
259.58622448602716    368.11039480009407
334.2806793739222    210.10270477518003
146.69807627078322    313.1788617965097
67.64486973506622    256.75968305047064
1.8149307631354892    241.77784343215805
171.74367064205168    224.15156596977417
195.1162525014718    287.4890501050299
442.62520299595576    427.78800865049453
122.69006611820491    402.90851061793603
214.9267925395767    46.305466867047826
79.93437876625318    245.12585317814862
105.75975703407775    183.6757111246995
132.6688998231659    325.90651819361256
29.97963386376374    488.9980968419156
182.70876884223065    453.62159503308123
296.27494782975185    299.78495012154355
23.974400967673223    67.46082549139656
337.8257536279137    435.5819343206439
346.22742168082357    78.12776155421058
368.114244887607    162.0081160781525
421.50410931335574    66.18400556136565
470.65556192956717    181.85954262899148
216.36629519585418    246.763935500418
496.03018899121696    199.2212051551039
88.59888446062827    376.0484215048545
39.61699537630823    173.24659165493242
354.20841969184187    192.03124232149952
322.16582334210284    238.53226525887743
141.12615217282473    169.77208640679294
107.87151617386128    7.030931542283746
280.6965485798816    2.107352342337748
59.3865348482095    392.3946909799487
491.80031176250884    291.29337516396873
12.060825431606254    168.6217236831989
81.91672004472392    182.93723247957615
432.40418806069334    130.59225165293353
150.56422864293816    301.06021647755966
47.41214748559981    437.01506639711704
170.0925043277798    79.16642495280836
280.33744488430796    494.9219806865231
413.4940161444911    127.54033480554709
237.75067924854633    99.74173051710642
162.54721347337497    190.5724454526973
405.8123975606195    312.31072228082616
7.280874456887278    99.00104580345366
136.75586943879557    231.10170854022326
82.70009572272738    213.13249039598364
475.89646567177624    293.0602305472268
331.6419193570784    52.483625087237385
67.40267778091606    346.09446579742433
466.4730183908125    308.35213924996003
178.25880296516152    44.244189316634156
499.0500823508546    104.65823286912422
168.35091883484006    335.27707832054676
426.8186994432073    73.24757364629622
484.1109808827757    485.5589989296766
29.286001878640164    464.313295567426
457.32929881477173    37.40838420167921
465.27673408433066    123.05326327763642
65.13572636138151    42.15357646933955
106.23418250666164    345.60029308134506
221.26232827262197    294.4471551624147
305.8944401343317    470.64262184011125
137.7185569421276    427.62091304961046
446.5167741523238    454.70529442704395
221.6228670521502    35.49542939202226
184.39955699152986    289.83044779911063
232.2197580613284    216.02316123955862
112.79472104859023    324.7712569631578
100.6451859896213    318.0596312258542
301.2361854686165    369.6862460627388
98.93867930029931    482.3769420426712
31.977082905427086    27.704187175195052
475.32605591697296    415.5735377423114
453.96947890338146    148.23747396506425
350.5955888965564    296.2062859023582
349.51866829992616    278.618984384194
448.22616237589614    340.2112709558887
390.871267415771    124.49701916047717
172.1627693479849    145.82026218393148
167.96905787107377    431.5138344497832
249.70507195235558    205.5461096521227
119.08817178670897    72.0694682604861
436.67643468871296    380.69306625706355
38.58792172680781    52.011238885163145
131.0336956045784    417.8363302853233
174.52723198683248    442.9827039419467
316.56353679200544    227.05702702454425
240.18142261517232    423.6588696670622
113.87864642229984    403.12190982756977
33.72743162456351    283.74906487339354
49.13808178882947    158.70622533588838
248.52225469077632    438.6874097551865
415.41098218647784    154.64765120976034
328.0344796010012    202.9943798969468
354.65806331166624    397.4446608381867
469.08388231653817    387.75773009241533
14.965835975727071    107.24329280804552
51.15118984754378    399.1179643357835
228.29053107904159    183.44936031612357
229.88056670916657    130.60478147046624
333.8411139767916    475.1113673497686
312.22363620401325    301.9866307682844
209.50979249395223    109.13757152029478
237.30462522203374    434.6444603853551
129.020396170117    1.06445740675109
396.0526300579166    196.9969795983425
490.52210726570047    105.67273273341152
167.66259733664313    6.698459371214381
380.2465182079021    408.3666349105081
376.0737593444849    381.7027661926236
165.6913278918969    271.9742029580128
247.29444496311382    118.71910200734231
123.36118024965889    374.5035012249473
17.098604918633264    393.7437888936448
143.63666313923196    35.36055805553878
403.8958188794042    440.9554440086852
400.21756204941113    334.54229381858516
82.49797417158106    451.3126943009262
408.51057574888887    374.48793568254985
206.50009178795804    426.88765524375896
28.202665227168655    127.20572055823395
191.68614790115967    453.571665438994
490.795986675872    272.42674551470304
418.747101087714    185.5259910452796
86.02262648644425    175.63487690028492
299.34747980543744    63.95114131584748
58.4427179952298    463.8147315166143
455.48220418391173    26.26898912431788
124.36278209464541    239.3983623079821
299.96650845526256    355.12191245056226
106.61804883846888    415.6733287519589
332.2883962215646    317.0478564247018
357.6073311100465    132.32984992783034
339.60423667848147    224.26032928497807
77.6185582977544    350.78943630986873
296.4793843969847    355.980725976847
358.60075069953155    472.8199748596886
369.5824766244667    7.970281280316981
233.43795095616457    90.13413284560417
181.46781595806337    280.2121290667477
174.16618859059594    35.84681286347469
427.4080404174456    167.6729108343934
398.13293449471877    3.1275423757827165
46.449720062005404    125.44592037369968
451.39321161249165    336.59716285444983
3.970824558904267    187.08637761794498
22.710973468777468    98.55254663394955
220.5071484380889    31.17897867952218
135.5386258666623    161.0119779805982
85.8846592918668    58.77356334465409
251.91925809658778    260.00034136229374
480.3680785524525    58.749525856170074
6.904193210115227    255.43962365093572
197.62271807411443    47.674952004536046
44.72771508738669    160.35375855070896
240.61249373035184    95.97152613296299
420.64811055956494    143.09171717827502
348.59760119516886    212.42539780223584
497.693397158379    255.99044233510395
490.08477302998193    148.95181171647732
409.9800504724827    233.69706590018197
249.5933003762692    230.83011877869575
192.00922585113318    451.57832337914186
274.93593381217113    298.6289407625781
206.34247582402978    41.410875168569724
93.36289172152293    57.659099572794304
431.3080355850859    36.24168212340839
142.66346191899166    473.91755619788563
233.60650914923443    9.652462414781851
256.91030749114066    9.857000989492368
429.8156361766397    410.0430267874886
300.96879815739527    20.204460079990298
300.3468389966255    209.2041031529873
145.89133850118748    486.6367626463911
229.32547083106047    311.73920404025415
0.9384124188338216    68.1004889188912
234.75501184429254    99.88960806759565
202.35620320148846    100.83557624651239
252.4135744482287    410.44187360671606
100.91383159112769    490.8211202939261
126.54374496892    421.2439091052822
15.434652258922533    33.43912779261539
267.1613987873888    14.819285936573069
260.5643154441924    247.6466665216371
499.7984722444983    175.0470569150134
429.8402745560245    96.57969825188297
364.99719749205906    348.29239535744216
470.02841870539777    345.36304242360876
77.67604354567342    266.25583583713075
307.8530086116877    302.0933774703953
470.5581811363322    44.902245509776094
235.45129525812797    478.2748539764914
449.1201988568647    186.8825759793697
420.43852094618006    6.391965884963384
427.6840576682239    178.35335691400877
58.018947834873266    366.04283421797186
357.2887167109781    384.74857193115236
320.17184326232234    273.6454626942875
287.5766253425146    452.37179602369275
28.142671497777645    169.14068980888757
381.39609821195035    426.1034214642802
388.65282979499506    300.90570882665804
23.443091767949078    188.58883864508172
436.1578499856492    87.30166956494554
492.699025456801    334.75518568911957
260.6289915735452    228.48135247114132
236.8187122300568    134.0703411303039
62.25166131895001    273.7794997381079
368.95206870692    65.70642175293652
237.90961738631006    437.7516298097048
29.641247319221982    440.2597649523807
258.11576977526727    72.89109325825447
287.2028802355567    308.5884297078943
13.932075424824964    126.48518682485194
465.03910419128334    19.555564410774032
418.1759891033582    429.75808291936096
284.599963152741    444.01713637269216
321.72866471963385    374.28606094867905
185.86612553100946    258.04357246643406
401.86072278157656    340.9943327397805
396.9064675022403    71.11201201361416
288.07345613145054    481.88870412804226
306.7131019527196    184.44315386900698
284.0570366649723    215.76020095108217
14.623601477049059    272.2788202379268
30.374182439320045    433.0258687616292
348.97963970523466    269.37810667302466
321.9200874671116    341.85222266810416
152.3895642809031    165.42448532402727
449.9956389369322    139.50021492595843
168.62352115694725    322.9486362964766
24.922605241182797    163.29870498328953
74.97430710557578    363.4482861558527
417.0339651141057    207.16626758226758
89.15124770723193    168.146979614228
373.57718271854105    208.81582501780468
186.4196297958182    484.3757406337426
288.8260230159208    361.4967565879574
292.8485675639149    126.9515138528185
118.81283415265706    459.3229036646395
98.96925085109085    167.5630334364874
425.7755206416931    442.10288018734417
51.06410401340862    336.0822450913654
254.91787003357535    207.47186266656198
280.09095960141974    395.5339088860079
145.6071325568415    260.45888800086624
495.9571743822222    18.064630153954518
306.08940648065015    477.5321560401346
228.8220472636834    153.79696387063734
389.22187435778187    493.8190783787108
263.2877070253539    421.65580388090393
265.7869670104389    0.0
252.2780380963423    50.03517688332997
89.40562548132816    26.01507258007377
355.66795570201384    427.9021991960333
133.4631600652369    394.62421110114417
314.2621446592846    305.47684616169585
327.35516454317104    413.6096476033698
317.5541647141165    142.12847461765588
226.0018294906549    385.2327972562257
276.6167298585102    347.7039822862558
491.27224110170147    328.9013681044619
142.61494951803817    363.52775710042823
375.3329138899039    441.3159465088705
490.4813443591984    220.4068886926829
406.02567357661644    463.1670540852754
429.91639730617146    4.839816830825156
192.75928016190903    476.4011974623338
417.6144679796403    261.0763305413181
369.0112504692693    283.27879036417465
487.93808438478624    126.97941945382424
268.43998850037985    216.6914290956576
163.83510611783137    186.7123651854471
61.15888378253007    362.6427149850814
491.27740383003766    392.9881939571659
101.14828845707297    416.34019324054384
223.7244930261625    208.93569656526537
246.024880623973    335.2214337415343
93.63900126990883    475.1906454108053
310.195513707511    308.03106841988637
123.05719899622152    113.62782086665905
317.0624836428224    161.32082286593527
131.5805444387686    62.11510179051685
144.00305793566315    4.248342534046099
406.81437376756014    129.42727042990748
331.55091865836437    144.8321942238281
392.6332175443289    163.43890317351216
92.71112070583723    69.11104784433017
303.52679546355967    47.836197553445025
437.80587986080553    113.31522080530465
108.44297483614996    65.38028064907782
208.93083259720558    214.25671017358871
421.3940098569447    456.76055519725526
307.209724893226    20.462633282414178
159.82682533192502    447.62251855601465
465.8615646934384    131.9076717072681
188.7685973735101    194.75923696961854
144.50048402890522    178.60266460945456
43.305905615930904    189.66641079413733
217.4016289530488    124.26424508159224
308.8630474202001    258.05300312193094
348.97069782130654    364.40465762492965
400.7318885494908    330.6405681253611
405.3765404510429    265.93450226178203
349.41931208511    64.11718519147534
129.14736174904394    135.94044609231554
466.01541646329156    251.3605063210917
25.880121050878323    102.94348760966436
267.65670636760956    0.6279374082989231
187.00201947968193    279.7791465448456
335.4044370507678    359.594691911892
154.00135950853505    126.55617926140073
296.99511530861776    172.92255898792374
431.54696464893823    132.87880061142576
142.86405817922008    376.6593342159193
407.56208831529    102.7915153417627
421.9137959724782    210.61463971209213
31.23526287122277    160.5465193333687
337.0927464043877    161.94217119831012
380.5316479575463    120.35173811565642
182.0683005676305    228.0603141582283
183.32943107388425    348.5189231538195
13.535164743182435    376.71211172866265
417.89039499792    15.310929389840668
485.8481124949855    291.64899985282887
86.3301052071517    34.568341358579076
74.32160016484548    17.70721499636075
266.38341037088486    441.87495260761193
46.467536680903166    480.20933677662504
366.90787284029943    355.80547236949883
108.68736554809855    58.502184488155294
484.75391217245243    238.4689568564893
18.820750434984202    281.6147225346991
449.9904242375021    448.60031207434315
463.7196243108987    247.89383737866987
382.8173713899721    181.65691272080073
361.0060367300497    76.07301759537054
248.59053924657601    310.08621215923887
298.3318350610668    45.35147057960942
271.55513809462695    195.13078422223296
233.5221593138229    246.281799294442
490.2449850239569    439.6894836837268
50.19959355904574    394.74258607057817
295.28763220188455    340.60437403011355
68.95802087596229    153.782846890207
267.9870207954562    358.77731845032764
114.51450576710123    64.59163880308424
322.37698667619406    384.2663852128707
350.4997144932673    211.31989167884535
382.7312874784902    380.8913823474143
273.65197270185735    423.3009200663796
197.3624673271265    289.91880820540865
13.512897638422457    196.2220176111306
240.79034586317985    427.4471596148566
439.8013275039064    41.45708216350605
408.59343912618334    4.228851406185694
307.97350324459967    449.12487898753375
153.898349195685    356.582227740246
12.83787850417608    251.17356385388857
488.0076119066289    94.84640283383656
455.06973899576496    144.8224792565901
384.6017283840946    475.7980941214883
489.02434099913296    49.06729298820913
112.51036689369563    61.93948951019627
500.0    163.3479640549655
135.93729140071787    75.45600001589719
149.45420362812192    1.5292164840353328
402.8118870209815    123.19162366117432
3.8136104495112058    88.9569393580741
167.273741432124    72.63446767269883
447.46106677211793    259.41596552015517
386.73398609455296    379.9395688698271
434.536691410897    73.28663316060752
392.50550178544444    34.2618009030994
216.85990306822444    475.6236951658503
236.38446491612325    439.086721540178
27.034616344889585    136.19859209090055
148.3694573721703    479.99582585082425
182.49920335103423    78.77659886254285
17.88422002855202    1.8615679330591481
355.0721515351451    249.31264393673231
170.02970959022002    317.42565613768073
90.95852182913242    470.32090716023237
337.6925165131576    92.88368977973751
146.4865306753732    457.68423933734044
91.1393891388936    406.0281761162759
180.08429504729364    341.0009298944392
334.81102756485745    34.63089546203256
330.05975841533507    412.6402320687573
14.893935180448509    40.25216676281209
427.2181214357205    87.91188328168799
221.586229101157    45.79080508416489
96.10434995079093    468.688887502557
42.88130390771998    11.643640433476545
296.4331077701356    330.0339129783616
482.2159949361396    27.85301739230557
209.25824449974445    159.51542521668554
192.14345590581183    439.1499940286025
195.30958258630676    23.963960935168686
189.40591427684708    400.61658096512156
147.63951311450688    28.002988324138794
450.5283061965369    62.93391486787398
249.76521233895838    60.100819723460475
430.2093078834787    149.37247188955965
250.29570878448513    331.750843391155
299.64496832676656    301.8506348177762
270.13407774573346    434.3259666054942
194.11310346431787    459.2549003588464
164.39214809364086    499.871036811419
115.03621126041621    209.6331115772408
87.3194160013222    119.9919852192651
65.88546382055068    215.5255439043387
248.20649454166625    315.18679761721654
57.23428948842257    350.557211961975
454.8464267446198    61.99624203262198
110.83483824032264    192.94554568778415
247.08513952096368    55.46070393976195
63.59668470644882    286.85584634392376
381.4377020631808    74.22201921986635
295.2672231141408    46.71605389792443
132.52324674717755    253.455967547451
344.92206400922436    138.7464786408406
77.48250958790003    134.28712216369604
252.4665506775628    367.4037427154037
95.40971848642894    213.54114997103872
420.8575247749146    348.8402613254398
332.0371594691395    148.13140780141555
178.9984852827581    426.281725375722
423.66217557602346    172.27610788953896
471.1779073001451    176.63928546374925
270.45344332200557    231.38011958724508
483.21743480376216    293.92087831521997
145.47421509480682    427.8458676800265
138.18963329899714    435.55072247176514
296.3971916888165    140.99362950136657
142.67647939241633    461.9607352569556
25.52322022190993    394.95189685743446
101.93812312244982    9.575343892917763
295.4089028085556    426.1141429174062
280.58654419231146    287.60565690736235
320.88136464393654    246.18015291196576
263.30872296236254    297.01638625560406
215.99817255877338    308.60861173858734
254.16423537618113    60.39992781416028
287.5008501796812    118.7701703769545
51.34306639110079    331.2186339204176
433.393161289348    379.07000438922086
258.4225894391571    446.55176214518883
2.524774136251341    193.91130590880405
421.22862266377103    323.55637002071245
254.0345412043498    248.17630061395127
278.51365065358345    468.82063705311384
35.337048736523535    39.58135612254528
129.23663522658688    428.0005508277714
357.8084597789878    259.77218941988946
154.37576394527255    208.13754612528916
430.7532660313556    466.3949228814796
53.60626931032446    96.7794472523622
101.22148934927452    36.854506939722846
177.25649446689806    163.8909554280289
110.121994508606    137.90705039872043
241.96126546651135    37.61096297781281
21.597319062507818    371.02978595282
475.4765224969062    348.0358411788304
274.10329059963885    480.9742158948191
42.99329768860662    367.6262548539577
364.0506540925645    261.8944014597873
84.87267886707673    3.779414144257121
304.03905219647334    454.99144695676847
282.06249587323407    221.44568900061643
78.30908870061907    362.5624543725076
239.25355672164724    342.04346708668805
224.83009727285292    445.41125567471545
161.84002466140697    350.1930884058169
59.06349592594399    292.60890289553976
125.86610929610356    500.0
79.00911063649063    392.2838480551649
325.7609115581883    423.0847010647393
341.58668830106205    215.97603979956148
331.4529437657849    348.3311204640923
275.7194731370196    143.11458902680195
330.88939730437573    453.2577139356392
151.1305720055929    399.1980702156948
266.75560357156235    191.91343010366114
24.658309621431382    168.11038782252865
296.4225228489594    123.83614581263127
408.0009483853019    291.7696219161601
155.4545303193891    386.60006313320486
97.61618606512101    334.05060950107804
219.8038520606288    457.16578391240876
449.5423129195464    457.36513273766764
416.41894188771494    391.13474369046526
61.829808606836416    77.13078946739209
445.62322903204597    464.23869949052244
383.3054677383177    438.5427842776589
155.38282923625565    160.64602334465383
445.5168029354022    248.53049607729687
303.2117241051875    235.29633581030293
484.84991240444236    413.9302197579488
452.0318173487049    85.33259177246605
15.821509685963486    421.65708688462433
333.8315947801963    276.0031962480196
434.1992240494033    119.00786872814803
92.43834059839806    364.7947531295619
5.16450921382298    42.334553539321675
374.2551116209029    169.356326351349
43.01382538410979    82.43898267813651
414.0003086954301    17.715266947700133
109.91363701422758    24.357075261191625
485.6982691824709    0.7465955115563427
189.57427495097758    84.15316005410335
310.72458929033456    122.21922166824963
481.41840146299154    172.845006260378
243.269922635959    195.4133424474898
230.2051603815469    164.03902407787416
485.55264059195264    210.04705716346538
480.58587491658506    241.15120065894695
221.90337973863024    484.27600404631744
412.86557130793    96.60637166909018
146.31263218738187    76.87655961835365
267.87389092938014    134.1596004837972
233.0093570304866    399.8855007586043
168.26111865770193    254.41679424588892
277.85033694911965    43.96319990677443
322.6834066375841    72.99636708348068
256.6619861141437    209.1432363677981
439.55759648108955    83.31946847426495
281.4823639658509    203.0657399013743
103.27390982731187    350.73272811508417
271.90187487038486    275.0418643971838
430.0415974331627    258.4707504329333
256.5593292555635    113.39579992522572
307.75258948007155    39.74705258250628
130.8077860263555    119.6702395532765
280.9769891435288    456.3304668696948
355.63288352556253    99.42329867353351
378.0657002604137    2.360360327834261
215.41603644232592    214.74700143445102
95.07475725710428    394.69900983948304
497.036565113779    203.21584243904803
279.10831366069704    311.57824883189664
171.9221990396196    262.1387184624406
53.123345617573484    325.62693076759024
198.67040357460473    295.6490430794447
107.87996199470113    400.7995799285958
314.1407367023895    277.64881180404467
303.9089115785122    215.89512303623442
326.57563308383885    305.9852167959988
403.4984785251386    313.47751387679125
296.35876328144354    345.8460399388307
259.069492253434    203.6123863989294
407.4008430114166    391.5379816481778
119.41180543222838    494.16897558012533
180.6322867893927    258.97489632019165
462.4005175230079    216.16859099936218
67.88034753475856    95.29486871640316
293.9599139912015    303.04330202301486
426.7058164910334    24.65441902691332
12.842254081367642    474.6928449915171
152.27312240158435    92.48005561274624
176.52762560809416    475.2144931581817
423.8610044184429    471.0059643237356
456.5787859353559    78.67370774214568
239.76584676800758    22.81968397515614
442.1443326516298    91.92848674431674
482.8165809134852    135.42678124599348
448.2404238836206    250.9471132768511
371.81405457916526    98.0763045745646
113.4346960878131    157.97682605596992
399.903280650148    332.89042684494314
343.48431431704313    159.09588484855107
379.68351624269496    406.4405871560486
343.6756538171266    196.30549639090134
111.40034837968753    94.51027502928788
288.8518378063272    140.4070174805788
349.54394636901156    232.7346883296417
239.81182505463315    137.25974092700875
238.05074343636076    15.764586637306204
171.4751368235005    242.8469987759736
39.91290720130966    366.3524436799075
201.7300121997678    370.3706363564514
227.7772082065557    447.57519021137375
369.3928324232095    482.64874227641593
55.233397731281606    120.01430061048902
311.60897272937495    132.86373120278145
424.0023966927485    437.2182086506184
127.72136824315828    450.89363417776667
200.80096661553407    386.94109336767207
93.49101477093001    298.70492732706214
175.48123833499335    330.04483321175377
118.55574137368107    412.5504765729544
86.31770180492919    78.01985304198949
139.44977689682779    133.85622225772573
228.95620271873352    240.44912332747242
241.0409571520609    442.44923778452693
146.88336209098355    71.85378360389979
325.97821945990745    494.9203489467523
492.96589375359895    462.13336946181556
122.10087649765443    495.8501313108686
308.587702261269    321.4972536919597
94.50619995956693    171.92074388804892
476.6397539158186    50.483688305403916
460.0043879642913    131.96432255249908
326.0221737980844    408.31545093834757
154.61168289199279    428.24416640238013
358.6458750123657    361.8486529569279
172.22674897165456    341.3182101536594
123.71000178635825    283.68949897489256
143.14978347310947    42.28935146958293
187.90859616223054    247.8736095214169
12.622549151680744    428.8469613617148
469.59268976717357    41.09114502215261
42.367998494399274    105.25081994280701
113.92724469707758    140.65197543963876
189.52986110836653    1.8200280628930208
476.0905416157844    29.79169592093471
424.26907908154493    340.02048818930837
405.59305748322396    377.9719867665177
198.83974139265655    332.0061011007797
79.59468000379941    167.71818046846033
137.9543185224916    106.73743030530375
435.7894694769246    149.49530631734953
387.43880510897577    223.94606939716365
312.3639189166371    31.004878564521643
10.316716519707553    149.13554990088798
53.243258979441535    355.8317487356605
210.89077087980965    486.46825995496636
466.59416239209816    414.2358935428162
195.38948461065633    347.11829243458124
393.4580662959736    305.1138002838175
437.3911851715068    493.38681152202685
470.04569700802216    452.4198771800207
177.90832050855934    423.8820293511134
356.3461933261971    14.260966549874107
213.97703420649566    460.4535913487928
315.76061368956755    190.73261072230613
130.60251566331388    163.49053289124376
200.90212185570599    189.44808311056374
356.39669009617734    67.2380606043151
175.68231637047742    481.5029113057535
189.68157188721776    259.3814321091578
241.106963764807    239.77974256974392
206.92427025532777    273.80240734648714
112.18220653168282    49.13818619104221
495.2544953284557    39.00278518290992
351.075444167681    2.9574939406024523
139.28837971221827    17.950753356335
287.30040528263225    475.723962969477
485.8070142640505    299.02342847616006
240.22445079343797    440.5265666733247
378.7890932717348    57.105370025509814
369.0554664212661    448.0748235679171
332.3514335316046    349.98562680284033
122.74183360592534    129.75453995107108
273.6147721622891    132.92491961905898
404.22949686526886    295.9460811070694
113.21076173169446    234.12421330431312
487.8113210886967    406.6300992855637
173.53158603881596    354.69787202011224
318.2493596307304    270.39713432951487
366.22342809829206    382.45848479482356
241.72869799613576    305.39311025040314
421.8638027367877    491.3719796236117
375.29828979929385    463.605332952643
380.0871860286797    160.97893245900894
457.32742409820753    264.10299128221817
76.74525830514389    142.64810803845165
135.93328528332313    212.96034095203075
140.6221432385763    73.49283944306069
153.3566250704732    288.7135148861183
15.771791617672655    78.35592963060294
76.77285427700866    280.33035545609687
481.6720256821989    448.4497979836519
128.72396069683504    487.8753888804752
456.91610916868586    212.7170675113211
342.40528649606364    325.298665960461
50.77399065809182    307.9520304665392
141.74926808577243    296.12732125028293
108.73694312602757    445.8926961457005
121.36260796512057    246.27860965205375
224.97008415669958    14.143670881507685
404.5484449958487    458.75261510366164
52.95473180002414    177.21660186522993
252.33630522152615    302.9397878802849
483.09186293007514    357.7933104714413
200.8828425742159    53.14201762019561
456.615893545881    459.8042281152504
243.85470687775484    173.27002604245487
245.87797756611846    240.5312091914184
403.03443416392776    380.68278490849184
4.736382111681384    210.47596482498955
369.1626211484017    444.0971168643997
398.1099475076133    255.39515137612952
384.86613411995614    444.94009666635355
375.27863866693104    247.7143372490025
130.34856813470645    310.7364384599199
83.89256217568257    32.81585143915214
103.10723408876217    130.9968732477404
59.61401221174517    442.0928690390194
480.5387386312537    475.4770271079646
310.46433230146    395.30083871803856
75.22446346309941    60.60292495099317
110.2401039385259    151.8911636050596
242.01603986475436    178.5258949382156
264.8109519611829    287.6898149534111
103.0940811147569    470.59571507849734
60.07913964473763    429.480909746366
320.4419006548315    64.270748517526
374.0264753728512    352.5568705693036
438.1769660903545    250.3842406998574
243.20539484732404    224.08506146860537
65.670985372619    405.6484534935316
368.9291480472361    64.04821941412094
490.17008907396274    173.04193109178024
285.4291724425659    415.5100982084909
348.45002700396105    488.8985168499955
256.67180952095157    138.2162221413818
379.52525764716984    345.94679931083414
69.23774015828563    252.21200458240847
434.1288582777806    76.49366117733115
417.51284087150765    3.586686679434311
152.16556575262626    347.1156212026863
299.10665722646314    159.1176393515744
148.67053134433615    57.15444620008323
34.252097659460055    58.55080214278485
437.34483483752655    468.7909561269159
56.66350302718883    381.8871925210408
21.697058546599358    493.64464981645824
156.43509236087422    3.7038001010328516
257.31368799110345    64.05676106628837
390.0516643357424    176.5590754713093
122.61224974105154    213.06135917351713
145.2654525644372    371.4023957001436
3.6857239229399497    440.8776933228007
120.62735854332041    293.2745934858486
425.74537534589547    322.87998525408744
368.45797669575205    245.9290651285922
499.5219063737566    444.47455873717627
207.70544772636077    469.55716794588955
421.01299971102515    341.444871444635
161.54014782905912    138.29985876761396
156.55709601245346    139.13248852431477
477.1240337156819    447.58118607526166
222.5641776248115    273.46678360677515
385.77808027407366    499.09513498042406
356.49556244233514    451.4013034926014
69.9549616318392    403.60376229488566
352.3273859495524    148.090988670635
357.064271164386    60.560297405306486
391.61778711592973    216.9077089176288
30.774395651795913    211.4856322038408
253.50926166286268    103.71885971869509
377.49926982321006    372.5164643693519
321.5704102374145    281.5076958487162
459.01214776859786    309.70489536523013
107.87924371336052    122.87669786109532
319.70848590609376    42.84978581446223
9.424043850704264    491.73894328572317
408.21918005313495    335.1034175012138
152.44163822780283    231.0464137261613
286.12423945719263    145.75127158265838
378.7849386025629    256.01034861457043
77.1638906391292    342.114406546987
3.280029707657241    237.05841221758755
0.5903615996168438    63.85417910748347
244.62835168559522    25.518622026278624
146.03815448705078    242.43516975794225
226.28153715726333    108.94293474016756
55.32816525431601    164.96781767240836
181.6748732709536    248.40817848738232
188.76905376291754    456.3577848974378
222.85722628689467    29.816376126212816
215.26968213858285    267.4526440874583
401.4962655294128    272.30358563077834
258.1351585699609    430.2432336146293
143.60845307747948    200.65524048649155
9.244877288982863    230.9872400552887
93.46961714469913    100.22226136754591
419.7572553948305    296.7660614195835
177.43609337728782    142.7590787034327
96.29242710841092    100.71069053139047
102.44855552421005    473.6997899425854
341.39950087399296    347.8599772673795
370.5031072513236    45.07477442864535
384.0590127807109    274.6422065570245
290.1301823119375    336.67988721050483
380.7233590026169    30.915966226126933
134.15267957774157    452.5900179737781
61.70067588447493    24.13179789284939
327.156867694628    196.41123466750346
2.9838440621015905    478.5085477400116
74.13085965592018    471.91164505482607
171.5280203975166    74.00793072100419
59.33401693113954    425.5002154887614
213.79335591196468    499.9513052990439
276.1633306434815    73.81266073448455
156.76604897778986    480.39620260910544
307.1847492758775    165.73266767343037
126.67509397443312    150.1733814053612
322.32761273644945    27.33892824821767
45.68811801089472    310.50923604123716
393.15382843964426    123.9124547773373
247.94852103863397    441.71292402955567
30.94817208143813    205.4861040035187
461.46501053988413    306.54672953304043
378.05335514872183    393.8838661122009
219.27135754076835    279.43089423802587
460.44175944424865    186.03337679175786
132.88744046649586    78.32702878508793
348.23381825789585    163.0613023521944
21.583706240957106    353.6087020570531
124.11525341190034    300.57103452324253
48.8034945305935    172.92718437185863
376.093923179681    379.74795085822916
348.4269394475755    442.42302162636184
296.5028681086823    42.17365615033313
20.546654266703744    369.7179813862697
138.6414429438272    350.607950878649
111.01953908183205    396.79743769979774
360.6935629476145    90.25251814608549
93.97047315348804    121.96727468231818
298.11534444415855    456.6165699960111
79.76531360766057    68.23273690732093
302.32307743140757    16.949989740827828
445.91040946530853    125.36059251919332
299.216023554635    257.16094598502735
481.6306513675918    31.149983223738655
261.4574750972164    207.16214523756688
173.65094826955377    212.49650862257388
237.7285499009731    290.4413406433684
158.59498229841589    128.49224560020846
364.3169622957658    281.82980560559395
301.28600670804593    187.16649724338626
313.5417419602093    287.34778639523853
148.70243626375162    467.2131165260342
482.9941477100903    92.25742746279411
72.64172349071494    365.4176848224004
165.7747368902697    138.04280270130494
110.20121682178767    204.09274130028584
306.89186202028264    300.8514324379334
122.44018206924153    119.58886177121794
463.34772700934656    30.646554316594923
350.0005908124243    214.52000603699582
56.093673399943086    54.999479228183155
382.68216086568293    285.7095562197564
480.5403932093965    259.201831299288
68.27016764959721    369.39625413968974
456.63747249058486    288.90754812491696
91.57815854716482    420.5729258818929
216.29278803684014    132.1457070006575
356.252049421127    406.1117491397662
331.29623965716684    96.63700971668624
203.7633849665331    87.53505362205902
442.2132551517613    170.32641570923892
105.82827387316507    370.9420496576911
372.45297586424067    470.5029881495169
320.09299681831516    308.20926934614823
484.08257658592794    450.0055998089651
139.84499457264243    467.2069013303435
19.618639843416037    356.67796187016785
181.27123832314993    347.4645489230975
215.1120274248591    479.6254094983009
225.54820906367917    249.04205737951457
384.4950722646268    199.97079442967834
54.92148180105851    312.7689349178231
251.97454938200235    277.8282529207037
187.87676171281143    477.65492763073723
231.55635565455404    55.17291300460173
480.5939940275614    442.1696285510926
273.3032908879306    446.34072886292324
244.4735367745378    361.46082627595615
476.6011091527699    68.94885962177571
484.80964530260803    402.25119251045373
75.69739922795645    134.92627597646387
3.6761900878176554    252.148677974719
55.878589426266295    173.3526658090235
241.81446384904345    459.24692649356535
427.229004332644    51.056137830052386
99.11420731856984    357.20296280767286
480.744287365218    286.82033836371784
219.61160230805658    232.75336170002245
496.94005239216574    171.13036661201906
125.20917621338829    242.92088938744317
396.243426692243    289.6635873344235
134.67727671979148    281.2397462324199
438.3684368707327    84.0440744840761
301.6403216761575    476.68897725744614
430.447896167968    176.32237290261978
153.34700147481468    420.8690426843133
91.61182884598603    499.21262126328475
379.3386555933397    82.01185387191546
190.62545279134775    88.25370978857879
294.5345259650013    140.95700798621826
74.76206177405241    104.54169666416635
442.53287325634966    396.3538815489222
483.41441897757613    89.11090021318384
46.04646155755957    336.76657147494427
134.9648625475149    428.53168407255157
43.843832388470695    390.9691025176817
240.44210934250918    365.85090889060615
420.41211718405214    418.8858453027217
377.3889195376813    458.7823239846359
80.93256547864878    30.76647974071907
260.893697014223    135.99371834203433
424.40991604940695    89.21116576825845
217.91173915937165    277.01946266576414
8.507067129662104    445.3431683340157
358.63149330789116    455.6781324333681
479.77991207109665    397.8706596543866
365.8977055535609    47.922371950592336
107.75779189034344    322.421159040993
126.71956552779515    3.424125438451065
301.97778584745924    73.46661140638254
262.73856990344063    65.88223472770645
130.63057966886802    442.9293901091607
168.45705849533897    403.5383182748705
175.17429992100716    258.9134891144111
308.3019133885369    292.51976057274305
6.18447221529538    348.05377845408526
309.2695554578729    211.25758389228673
33.34260112155674    349.2003480006696
378.91453523502463    158.6482513948293
258.6395964795057    39.491136298192856
9.394304758188143    74.84669606144485
384.7796969022725    150.4079803712176
385.6799100718799    387.45891410653473
392.1056024332387    264.58600974546385
452.07799276557404    395.6280217519858
476.5354393720442    308.92071865142475
219.55317394225915    406.16809936089993
448.7104148187868    24.570427999393146
428.07597296783723    270.8519092506798
94.76181703654073    3.6972477636535364
34.24145805079985    304.653459748665
449.36031452783357    464.9275810316101
305.7206505891533    285.00781797831166
324.1182965845154    312.8610748417471
82.10519873010409    102.05265032498082
170.2421567739595    443.23289902484373
474.67162337785084    87.81031739082205
150.0558164061803    395.51384757918123
7.580591286749134    454.54382087894385
65.88345062691185    333.2556710525881
478.0629595120354    5.827180725747415
401.0776268668333    92.62139103109271
140.8028469590386    458.72268314777926
36.22058508828603    224.70037019990443
92.95919554377397    414.02212244681255
392.51242058754156    417.66146995481836
22.255296855227016    174.31032393112483
480.2049289370096    433.37826787184406
318.09654807715316    441.50761254740905
258.0688647618103    125.87933061907418
348.99819169214595    300.4499559209699
443.849707480158    96.9330502736511
386.8535744261831    366.708388339247
125.0685760715543    28.695751910106033
439.98244255015896    227.76800310138657
195.0013527370737    334.92242043231994
305.236866489764    243.71730885352645
12.63070679375775    416.43560938829984
304.60268539962385    370.02509781037344
332.7246091525163    92.38623702815033
293.3985672787436    444.04382470895183
265.983203830007    198.41650989210356
30.594251943401783    202.0168556210125
446.8117288919541    57.92730835799129
247.29746887198513    331.0065724086417
214.76472777020726    180.90094024246292
492.895583996477    249.3280236595867
333.5666358339213    158.87216969851158
476.3833607749134    393.7809119170779
45.9651741681184    225.26126717272035
471.62331568287834    349.5795366128258
364.6696781961344    258.0937227186497
40.76265512385713    316.8320773200292
155.4124188749227    38.747505415541724
230.06406235631874    495.8790070436991
138.8976221525846    404.8035550071409
201.19700320856015    244.28199399830558
392.59138919248215    276.7708876205074
147.08628803385415    105.6010497347945
81.09675965976903    373.7854074315675
134.1935327090804    218.17566990127872
425.8258446840217    269.3567513588382
411.55030127106716    499.4422916188246
104.97659317654002    446.64692223696767
29.233096767355516    263.0104884287832
126.96352642938761    164.07648765980625
24.294736195501773    103.87033341744812
461.88878346375685    80.42660076461833
105.77393959887337    137.11129602750358
116.18733944702358    90.46430989974493
453.26107531875033    119.3334348366446
459.31132441278527    451.8254463553918
384.9466901943669    73.94545508047992
225.29909999947202    412.2411482350672
241.10290813019932    234.72857920173587
223.45666195419972    53.64958165593461
296.35340702387487    22.319913959916054
323.3839786980318    118.38094380224626
281.49271054770463    44.10918021125065
289.1331874760082    448.5662698568974
178.2348911568971    430.28248838705326
499.6012945588378    249.64638651408058
85.02802087715249    8.756061027374107
194.60245860916407    322.5058732516157
124.42121420444495    361.21823042111004
15.120995492366113    311.6564855399568
389.36096005233514    192.6487540321296
156.65275397180406    326.0531292130429
1.0720134383075524    188.92847224924333
145.01602391125837    305.6632464402132
277.6524645885842    184.43606618785768
23.71430126901887    81.77883666601016
224.8657839515459    358.27194733912785
0.0    289.5850861680329
273.4157569633792    19.9004301882022
175.13263207647762    375.4703833444747
423.5322856273177    365.4652486945981
132.48004680586888    351.4370301797822
442.97783130390644    241.41887714054573
433.55394378140323    414.77487696420513
28.224982641891245    352.6919961700745
77.31732751703214    166.2963606523056
72.82510830420404    285.2990999981219
485.48175971898644    79.23938058994835
376.2520519532751    275.0190127466837
218.99046197653553    208.1132369806749
38.11916653462093    317.51600539415716
36.42495098618611    166.09660384325045
265.3175962480024    19.45366741082409
