4.805677988944001    -8.306151786020022
-8.40166920192531    -5.56193042336424
0.27612936485216455    1.0708608828105157
-1.7926163928831687    3.788730807909154
-7.254794364156369    -0.8185065623235398
1.550196891982487    7.532310192465869
15.76176008760078    3.272162180459454
-0.4261358569856917    5.059234914024663
2.534815532498004    -9.38693856891507
4.422478754552954    3.404400870147982
7.7116707726199145    -2.2971565868552997
-0.4442604756342905    -2.9747017034000804
-2.4652334299553087    -13.052708781340321
-5.462253048294399    9.025269305833048
2.6836384284287713    -0.9842517938137609
5.006590772441907    10.371440446103875
4.404525926550329    -4.769055625012198
2.651810500589104    2.359233103486935
8.216828186461576    -15.890395083779257
-7.183526441145432    0.356466490290128
-3.8465316003733734    -1.4988060764062576
-2.7653321921736627    4.905488406234272
1.9000676734210669    -9.732969504395907
-2.6227427915717527    -3.65055208460741
-12.436229127017766    -3.672731948905655
10.61773902040913    3.335008364287034
-6.602239006570661    5.141506232634603
-2.4523888582305107    -4.287538829689642
-1.2782334428829885    -4.699142311228113
3.766775565897783    9.32093131592985
-7.275747948525962    2.5662764443714594
-7.341480467277665    4.153611926345862
-2.5797690755358365    3.846874643778196
-6.645724373172551    5.263148124332858
1.1130195683613666    -0.9813189913402782
-3.6070174603941974    -1.7229519447753143
2.6313632444941875    -0.23550568471011785
9.205121858836545    -1.0606897113955926
5.040316165210456    -2.443542305591414
-9.040140907765318    -0.33721369417140507
2.14997826371448    0.18288465818670951
-2.8603535252361127    5.552684994978238
4.3771420788198565    -6.074584252262999
6.79950401033294    0.4837635131737466
-1.4362438736103391    -2.3038506076779197
2.5017269125744526    2.624928243848036
-1.7197655686002038    6.38132232617822
-0.16466831854866337    -3.0494958550900635
-3.1396793155611147    -4.797095431247407
-8.936175920232987    10.382416847397598
-10.327030497743882    5.525385495001856
2.584226876229035    3.943095051190759
-6.645436630645768    6.552189545659203
-7.79114590725037    -6.845165934142968
0.866891329860007    -5.88142844140851
-2.2706587449852482    9.778441464667013
-13.446152370470138    3.0943100655125346
-3.8942360651441863    -12.846683214397812
1.4346426768571197    -4.848774673273911
-8.703192078056928    -3.530858854440667
1.2214995524684884    1.0079021360671734
-7.685764529310064    4.520543641314946
6.341906514538841    -1.1034545202769168
3.5387280402805965    1.5023328540038843
-3.5476591607598795    7.04944237645733
2.328777311652806    7.143608895559704
3.2110330679359667    0.36231628657209497
-4.564188676815157    -5.743519325565994
4.619678194915815    2.6896536237926627
1.8354713640431513    2.2145450215876084
-0.7542684912873369    -0.32594476462351146
-1.9386919995420648    1.463233565234208
-0.7640626753491265    -5.630369270275462
1.9273245534278454    1.6086076854173266
9.872042040399009    0.16886873404506916
-2.24761791436483    1.517667376425271
1.401780444075829    -4.3130238910405065
-1.9218427972671899    -8.567109665401555
-0.48321809296307044    -0.2575175060869592
6.633941315772902    0.2244032357858734
-6.404036745241427    -1.0908072209437656
0.4331679486770034    0.7754833867906751
-1.902874028955799    -5.629146589302302
-0.5641593743787422    3.523954706304323
9.65129011468292    -3.349514556213294
-0.7791743582322062    7.024246606920424
3.9852309780701924    2.2260686714233513
2.051642157642561    -4.726846493094664
6.0698396893586635    -0.6318909512570575
1.0290410625745152    6.858379664909123
-0.8111119040092878    0.7109997896122044
2.2165308326161224    6.126333784353585
-2.939465696497895    7.428463267992259
-8.972822017411529    6.330888901458193
2.2296930327191538    7.050418337365131
-2.2670558258867413    2.283847719270155
1.5365626583278773    6.798573247966675
12.92306762041339    -2.8207777780778804
-4.104080791617005    2.9242572853272595
-2.4421636900084365    -4.378978841822326
3.9353666300071093    -4.223508944314213
-4.246693904846063    0.939138316390078
-5.673609009358038    -4.070801252831947
-0.29472000796683223    -0.9612347088585902
1.0251889517477604    6.729478565792226
1.1344272248751515    2.065287015742004
-3.946996145726926    -11.148343389795464
-1.979331337734024    -4.876471008041354
1.4690903746476023    4.233381925455151
-1.6298248513282374    -4.21443709644584
-4.444152054631929    3.9620585207586423
5.364336993008989    12.167258118279841
3.7059652850070735    -2.6873000445797217
11.649481925557073    -3.612058888887251
-7.275950214580943    1.5538615104930735
0.7223338246144294    0.11990269731842464
-5.264123556314708    8.336178270464538
4.084120367805658    -1.1087029814591558
-1.415499625089437    6.5279922131948664
-2.922655244827663    6.62595072443308
3.0842120194769125    -3.8291534971149397
-7.578747908485121    -8.486641578212948
1.9614841516586583    -3.849915199492133
3.9650563337699776    4.958786397602814
0.33072798372520545    -2.8863317506405175
-2.342046222065349    -2.144169197790173
-2.1569143508415047    5.619009221892926
2.05085158994678    -3.942187052831465
-1.3078711155900529    9.164762636477358
4.4142288911252425    0.16931684872640937
-1.9017829665940418    1.5455205245014045
-3.500078275218621    -10.844592641694446
6.882567501422395    -6.057363292990516
-0.06344889854257368    13.225619533505439
-0.9379434633944251    1.0713081391111554
-1.6653606742155949    1.5004702275795168
2.6399674583273938    5.353987565399352
9.348323962371321    0.8344372352886906
-8.610654021907955    -1.9803481993781404
-2.566425772493612    7.525247917441395
3.090989642098341    5.018653981243095
-7.506943529411528    4.069595809125434
-5.196082891735292    -11.661891593649608
-3.3347041598465736    -1.3059356888178908
-1.7161548953639596    1.4652413606891497
3.350185867223962    6.337273347508175
1.4698358829201579    -7.816281395892989
-3.285210170629646    0.4427616874225215
0.7929203618398009    -0.5534828037972965
-0.7621417807360873    1.1242613276559972
-3.305232386415799    -1.1329494098729527
6.798507892698886    6.332838485712812
6.03153161674579    5.134731713786655
1.8976108933495572    -1.3378502325835238
0.03688806890543172    -0.5930910433614519
-1.7372783047193587    -2.137332621437563
-0.929039202920553    0.22223278263849663
3.5069104790302084    -9.453890438777133
-2.7501393395052967    2.4674816964835533
-8.569500879811015    -4.34864152280778
4.673204730698804    -3.779555719268892
1.4810216323628553    -14.735381451371193
-1.2070681943810642    0.311369613106589
4.670323391048071    -1.9780561968666739
9.866945880940943    -8.795227154922044
2.7227434807374578    2.034127672129286
7.444734337715049    -6.153023059270819
-3.2651450139482265    -4.688212507530576
0.04417029840560352    0.028237394966286737
3.3779181658144855    -5.501300652262532
-2.134479565354167    1.2505396927694057
0.6758626950885985    -3.5691677586348285
-1.2537489142126461    -2.494334579231889
4.3303757656111355    -3.6790401824402
3.1589864975261652    -2.9032075046133303
-9.046970619947288    0.11353664994949253
0.7482685833166578    3.0136683067197394
-13.18774201341812    10.714931427498069
6.52583283954839    0.8104378893851728
0.18818527172806931    18.9864708481987
1.8913190089811975    -0.384860089575498
-0.45481209192525995    -2.6116459237551455
6.18097654209467    -0.37396341851460113
-2.2658796632908076    -7.134998795217909
4.1836777025362775    2.406588844011074
6.285567812884536    3.7646761612438886
-1.2945053795780082    -9.320156819044936
-3.0918608419385096    -0.28079785919531103
6.758431527315731    -5.230611056733767
-1.8675110289965133    2.967080720947523
6.812903109766908    -2.3196336469990806
-9.05691752696399    -8.233973227067313
1.4582378164408776    -8.03550151720017
-1.4108929707224098    2.913876083581735
4.599597742270976    3.119361538211341
2.761641818204646    0.12701823100160683
-5.027207378943019    15.58896940607824
-5.664892019893766    -5.557168682569598
-4.918110827542722    -2.570817178474872
2.8386481739034006    9.255509479965871
-3.390648025845283    3.180507972272818
0.46995556053392845    -11.006979585824968
-9.620944989776676    -0.008127556260277455
-0.6586182132180226    1.1576802614639805
2.548521307955988    5.358370216051081
-1.1358370883082582    -2.375925657945017
-6.046326187413072    0.4883812819114383
6.459994889239906    3.014013435968924
-3.755018960070509    2.130498869309773
1.9888081774740194    -5.016677999634223
3.5909526203509166    4.382257317865205
2.333665544956699    4.573309969902936
-3.403570040211005    -10.22185987461815
9.098993370385159    -1.3406094795460648
-4.269685636943234    3.7366673056688486
2.4071900316122607    -9.64375850543386
-8.859204119492732    1.6527167061068573
4.758104584612872    -3.9488588118019567
10.222975440074404    -3.4131658502143027
-1.1140917421417607    -6.47343271017448
-14.401944719024197    -10.571985753019623
-4.169856024036938    -3.669466039277331
-9.771142810156968    6.824009707079564
12.954050888731764    -4.53427586846599
2.671999378298922    -9.384537545064065
5.016497211586769    -5.328827522250926
-10.804215522357763    4.343623433332933
1.4517747773752243    -9.922371288141349
4.468190294221493    -0.8651917462019215
-5.644849685266402    -3.544444274343101
0.28918912403581426    -3.893064988533088
-5.954679052952011    6.8414626680743496
-3.2791809389819906    5.423924056782878
-2.327390351503602    12.004950780774418
3.1071388453028024    1.301750143514942
-7.449272967521758    0.8085949331583318
5.818976212123688    3.5613872497540457
8.440335744911717    -8.343213862423537
2.179380385834351    -2.1605006100601565
5.828886578476979    3.539074127688343
-6.1960971527482265    0.18359700037097623
5.859970171862104    0.4334179458617748
-0.15937741228223595    -6.242404129969842
7.434539712890639    -8.43401194987654
-3.6089644698513026    -3.5591709652236103
6.79506039623401    7.946717778762294
-8.828562951923878    -3.1968646389836595
1.1490338977306043    7.227705847123881
0.4934056135909062    -4.51887624210855
-8.16077121003596    6.299460904246634
-9.31630129878008    -1.12137777745085
-0.5750893021843292    -1.3580885077225873
-0.8861407185557486    1.486458097787015
-2.4388246879242486    1.100624425786625
1.9857723714932327    2.5581569127530157
7.160241942933702    -0.9183931955874317
0.5195753749522493    8.81857240344843
-1.047056194244156    -11.433623783067675
5.561239733158458    5.037035500431318
-6.736568948892175    2.0229516791756845
4.031961435117786    -2.9672453428274554
-5.91866639051007    -2.187907350206261
4.287011236596213    6.289418404447859
-8.747609539274492    -1.6727247273686505
1.403227482500716    5.4381372054307215
-3.3978405174614412    -1.305931932656046
-5.839981388444072    -5.969488898061987
0.4009692121582708    3.4716408264469583
-1.5322620827270526    4.538321635808358
-9.503413230643348    -0.022810915131428244
-9.549425683859974    0.10913591144239329
-1.4746484433534026    -1.0356262348358298
2.123634263884753    3.0364206436563457
4.798085584442051    -1.5707647739630395
-2.7898049593874896    0.6217624589893124
5.231113274760082    2.4613589880931666
6.545548516185786    4.726550025629884
0.838368467810964    3.58249705292991
-5.262061908913813    1.209924487214769
-1.773889397686122    -3.018930300948523
2.0796219391301203    10.393296752999914
5.323353491505794    -3.714781073783866
2.4279439346227405    0.7176876402597532
7.609131989419608    -2.592567012052985
-4.413489729129508    7.084281515094453
2.317782672903202    -0.854502966013362
9.781333496689776    3.1499286594289595
-2.4615566474850765    0.7489822227461467
-1.8720635471934546    -6.885009195196917
-9.070032442504706    2.9117644603378428
-7.713003604666573    3.8378002680340906
-7.570372877846933    4.708333547946707
5.522865861983142    4.96578319001907
-6.707030248254467    -12.510997031545287
-6.8497066174402645    -3.2781121683252565
-2.441612041127697    -1.9076734889609452
-2.4048429230177653    12.802756884760234
-1.9307664593292322    -6.50496364889892
4.688206088218756    2.4106672788112458
-1.060472529798846    -0.5630171309647833
-5.28148486381025    -12.910601896876306
6.954927691625058    -1.215821669374918
-9.11084586648213    1.129022085875462
-2.8565061931446056    -3.2664626185996153
-0.7616623272869605    1.2421669555240828
3.2727030007570908    -4.471578995806059
-7.0043662179002535    -8.83606802651149
-1.6690316388067656    -0.5298524936550759
-2.8291536882055306    -6.149934816623167
-1.8722026018927846    1.3162600137261844
-6.673298280885985    -1.0383624228511448
0.5990856765704713    -6.798285351557623
-6.227151118985231    -3.2793918925197763
-4.62079913647472    -2.288311915504824
-9.993987802490162    -5.265637444883394
0.5322259446003237    -13.961354099215624
-1.7842564892158335    0.01683374874409013
-15.372445956986894    -9.18926852331147
-9.34601050659072    -2.1530190502046955
-7.653845406607053    -1.4323976728209478
-0.7555367136581549    -7.242827976298959
-4.7858602769453675    -2.218669100936717
-12.202765807679485    5.792136216307604
-4.27964267396049    -3.6261532393556832
4.883896532095128    -0.7630435354216836
0.18844105200319747    -1.5360952355873845
-2.8311687666312015    -2.6678489649007195
2.180861515947923    -7.555492856035766
-4.0797078756366965    -1.3164923371969741
-9.487570648922269    -3.9894009925798013
4.58554437261192    -0.049478286937944406
-4.499208863748281    -7.3616132807272425
1.0863640273441253    -4.776600466098609
0.2606977125497663    18.607586670423245
9.049496026346274    -16.15431549970045
-5.237110786143961    -4.197179230826523
-7.780603540145729    2.721544547057102
5.167953181230761    3.1642074848896624
-2.855879959030617    -0.5521115655104318
-4.962346377439838    -4.75998071337782
-13.336962897322953    2.1720314881402722
0.25474755739496735    -2.225294573094151
-7.976325402597193    0.2347903450988344
-5.309833884394758    -0.8198569604112425
-5.623853822016449    3.9938690730592428
6.4540562797710805    -0.5896464690770848
5.960670537328877    8.154067653323558
7.506109089250351    5.662036394385639
6.2425517534345465    -4.503327203804855
-0.952687657132131    0.8351051998875143
-7.409661775021765    2.3398239824082
-5.096071662380622    1.575486274021087
-6.948994818255802    10.156704044381312
-6.776800012784814    11.72460599407706
3.1954049429128073    1.7323380461248035
3.0515106747388114    -7.299942824760671
-2.328725027080703    0.7869012469593129
3.7280262870980185    -2.010861501939023
-5.3747232006122685    -5.580215476049453
5.939709192071631    1.1862208947723667
-4.964578358979092    1.6635659495741448
8.073066005643517    -0.4404778219537302
-4.605322506167881    -1.669242560387297
-2.5679739920009887    1.4724180470138446
-3.047693303643542    3.136240108050501
8.370318578542218    -0.3440624997475453
1.425289366109751    2.653386896385949
13.318961112244688    -10.71753729828329
2.464663203169203    4.789515239893912
-11.294915747377097    -4.399991243620268
-9.514518875137782    -8.820151255977246
6.708589851740186    9.935472920498267
3.8148319320818356    4.586468114498332
1.0451748506994123    -3.9040982289692385
-1.075391343090585    -7.8409655720189555
-10.406136073108051    1.8072164337624648
-3.4084847765391837    -4.791708237298313
9.235796476596375    1.9142340054722258
0.4469836689008283    7.497461902685558
-4.742425296392808    -1.802301314463743
0.9485254904308607    -1.774066665833375
1.717414353216602    2.7945611049783605
-4.431298207978241    4.317142873233746
2.1493465829564213    -0.9038870064986222
3.9085515551927377    4.455080989745448
-13.508106243427418    6.2355987329094855
-1.0030294029705529    -9.309095306273438
4.70829913476701    -6.688750345239136
6.3045411244626335    6.144579863931269
-6.3604060358009935    -12.53972510598327
-1.272572017649326    -0.5426753520119036
4.07686770935655    -7.797687905378085
6.0818189462252095    1.9145813323655487
1.3819019463917295    -1.0051402457272478
-7.08956755663831    -4.864350842921942
-3.3518922100059725    0.43425602557486004
-0.13498508811562868    -2.6924797523727775
0.7615063878711587    -3.7136784073013036
-2.6231344403655683    -2.258621171826175
4.774331378710465    0.31831479547878405
-3.3876513277124136    -1.2598740930720702
13.09508990221434    4.853160537584645
5.126428250973589    -5.845881390962651
-3.885655722678398    -2.271239173406383
7.349469072858021    -6.173520293197877
-20.270637306642342    -4.867287430258681
-1.5571851450975094    -10.797482532461265
0.003591632238237091    -1.7736529200814
-15.878609907047421    -11.693742477654766
-0.5361457289387914    8.13402877895523
2.207973356280842    2.6525118050001253
5.398917120034956    -2.2603650608977217
4.873622332503842    -4.5718494236966025
-0.8359562913085123    -5.583407990510438
5.782340631292886    10.060815013749126
-4.437324973587104    -0.6212500183937006
5.990504642812024    -6.78476353596501
3.1364329653979137    -5.462260146590639
-2.656610590895672    0.2586169669343294
-0.024432589125491122    4.902397211003411
4.060647852655024    0.8900017846127223
5.9565983253355    3.505758368999744
2.8427972547493003    -9.593216168230171
3.330991340116635    1.974151458761765
-1.9286396271356592    -0.03832432802087426
5.722907018443507    -1.006948895256172
-8.854415105743259    -2.271808057955543
-8.47123716498039    -3.751325367376086
-2.385586396578994    0.1882239646343421
1.0622166207015604    1.4363819132358866
-2.1073113317859598    5.999535605136369
-12.607850176211622    -4.64375269619669
-0.5774407694658722    1.8427715253447372
-4.138074331439539    -1.155575003628625
6.90981673486911    4.508307948211714
1.7454218073568564    -0.5865855702603183
-3.815507472771614    -4.23055866246237
7.197169661194003    0.6015150747053085
-2.896019374856744    -2.054417035441745
0.2758247800804879    -3.0819540970865327
1.225480476450593    -2.8152559487282045
-3.6867015830114758    3.9991951560817727
1.9091471178815058    0.42837367347690974
1.1996221573072203    6.93040056507793
-2.648350230635338    -9.804351525630366
-3.116200510145686    3.4773036804766804
-4.446316343401364    0.10685595825177911
-1.6570253759047624    -6.279931573144124
-5.907908732007166    3.453017885751606
-1.0703445302760661    -5.43308599179353
2.1979475235081796    2.3513704035709098
-7.679458899397527    0.6223784818462976
3.027677138136559    3.852475802715859
3.200053837907354    -0.07371789848809097
3.1141274158276566    -2.5095548020633314
4.620224115232698    11.75110704107933
17.699917891426704    -3.1037408161515136
5.936193261223849    -6.088508294228211
-4.62656788426315    -4.821808265467957
-2.673002748689904    7.828626109804109
-8.337264160927505    -0.7690116715254858
-5.314723566903379    0.05317299753597467
3.339086854065999    -1.5600037285773276
-7.000836999978675    -2.8322278476647966
1.4056342675508435    -9.50470836682765
0.1170511026977051    -0.5381596730858303
2.1200604491243618    -1.4658302670495393
-6.515633946551261    1.666021462702581
-3.0840768950870996    -7.259513778125098
-10.621487531854434    3.287632446148076
-6.422519025709943    4.579619791267561
-5.984108449864358    -1.2262604618584902
2.1492513058508096    8.95671226769911
12.56732983833488    9.548130194823274
0.4911815957813047    -2.2594107985039913
7.989552218362936    -9.146398372670818
-3.5000911735464464    3.7638471059651994
-1.1955541720709868    -0.8655225007732928
-6.09342455870023    -1.3582290340511338
-3.1942734404477866    4.793874734717481
-4.4701419872427826    -7.611865185734372
1.099507738111903    -9.076534113700614
-6.779093885930557    3.2465883902305963
-3.751942891164823    15.791963045888679
-0.0733476995166775    -4.8118886620732955
0.09405537204904535    -5.771794004394238
4.965016309073552    -4.597155389187144
4.215537775524286    -2.592251523369064
-2.7344646245940143    0.03647655393660789
-10.370886552764064    1.0137695538685805
-7.496462814637342    0.5258380616769831
3.484827578052576    -2.7989760627106213
9.802533991472899    8.153786599095948
-1.8419687829183982    -5.230338904144232
6.276996216008173    -4.065084024080723
-9.649424647209623    6.028652488067243
2.336676969259134    -4.178012917318996
-2.703312770705834    -1.5124189032649822
-4.840445234505715    -3.3112642347224734
-10.826687187377711    -3.5966967974384643
11.22990951657577    -8.015921510850344
-16.645720433080147    -8.307742844668313
2.4411573117643357    -8.146544290164204
1.3887504218471522    -0.5085025882625918
-4.220417912018712    4.936323828273612
-0.22049055443421955    -1.3818317379801723
4.442973659307362    13.898124918630218
-3.152263300090703    0.32463671161776286
-2.3478892072078623    -3.40629503202246
10.522300085920353    -4.521030652242385
8.447850446265782    1.701421002203898
-0.29372137723761316    1.209191718859382
-0.7627249283549404    1.340735068549268
-0.38122138292438434    6.600439211089245
-6.285770526560276    0.9538581803235716
-1.7532995904624573    -5.958114942874133
7.3114707526210205    6.887217684232303
-4.799760113069765    -0.6772928405235714
-15.696355085875014    0.053957504561865814
-0.6558182110119205    -3.6364594764445344
9.701831567782879    -0.6220028780966544
-7.121505963813952    -8.429913330255602
-0.13717030360159504    3.2650487083212902
1.685709594132404    8.777116030604486
10.201076625420972    2.5249811094251524
-1.899905890620445    -4.564772813544015
6.804939369644687    0.8987308756680915
-9.109625288500785    3.72340923685448
2.566487664934458    -0.06456985205872268
11.958772256683545    -0.07910683534947663
1.7904664060354818    3.6186240281431026
6.869055837526241    2.8413339908766977
-6.393950411814518    3.2372411596219504
-6.5284402227898255    -13.998426788204373
1.3512834912950176    -7.960557630768927
-5.033121798337232    0.1138171977019396
-10.658673549572434    -2.457594504857432
3.895084849941463    -10.284417997892213
1.1140046878969976    -1.1130221760953607
-1.5412869486084166    -1.2848105286153952
5.428358773993344    2.5697389930329675
-1.7377666253280746    -4.25621185746088
-9.33995036411461    -4.862297930243598
5.581836204128858    8.086443723529058
-3.155625400347591    3.024004595768448
-2.592124160202597    -2.393970999778619
0.7294353582838954    -4.922413817337863
-3.580628840310615    -0.6350625616345823
-7.753948075537158    -8.843651623007236
0.5278589665301556    0.6133309250677587
-3.79756179384464    9.863865430885397
-1.034522276414654    8.641223642641338
-1.4162851689117875    -0.36386709928405747
6.099103225969654    10.029033898506198
-1.3801421761667438    -8.848045625696724
4.811218514570884    0.6728840967898486
2.7362934592747603    -3.7642844138499307
-3.2762021968415564    -3.1183616061910358
0.6096021981794529    -4.584524647108966
0.22793595985895307    2.6314119488477945
6.0254247563639645    -1.7253269426100153
-0.41687454787078926    1.4239001214785099
10.687835328529683    1.8235133187477224
-6.554953597220676    0.849157067495871
2.0028952988903077    0.47359077731766064
-1.8144201138297897    -7.2097747664067295
4.000861283353252    -0.9096640453579548
-3.757950747375007    -0.5141237003356363
-4.6063355706861975    4.227360962386206
12.286518983223496    0.1591383020518598
-8.547765368299533    1.2158791857051798
6.9512434521571445    -3.516865382417343
-0.2667101024543235    0.506577823844384
8.209133625773628    -3.566514997671341
6.468050056911986    12.175263610795726
-2.927606070554766    0.3428486692135509
3.6531552855235243    -2.07881112134099
4.479529591515649    -5.70997580737319
8.37570886335528    0.9906647577294634
-0.8648275997935257    8.565776789480212
3.329459213457247    -9.730492031646888
1.7729288893125223    3.0411985976560643
10.029282821025777    -0.10968278659800805
3.690183469015926    0.5793372405840598
-0.6939696065520046    -0.2327618456955601
-0.3377596941748809    -0.17662048471388433
6.711153930783799    -2.807148909755035
-2.2549015498595915    0.7179207837923981
0.902415837334268    -8.024083204176257
-3.1531488450574057    -2.142002596472005
-3.9268223951129375    1.2126252562903255
-6.729966954677135    1.0715753513456916
-5.984964409300481    2.6767666188598453
3.241537872475687    5.0025842413768755
0.3732918632488997    0.7208929392017248
0.995021800824418    -0.2567184605386962
-3.679052279518282    3.580812634967726
-7.242581148082523    -3.9320459997829245
4.701113092697201    12.121562073477255
5.542119490444328    -3.141960869311895
-3.505100688824844    -1.1329159145129613
5.869161134205888    -0.26854620671355
-9.188466494132122    -3.938316073080965
1.119526615214301    -4.96532236485852
9.706520356466081    -7.496211955556887
4.643270426027515    3.200788950720667
-4.418620138395961    0.21424271428201092
-2.3279153012938325    6.919851123173054
7.524737173862248    -1.5167831962925014
-4.551467236677314    0.9384405958150307
8.08543132001609    2.405619525064582
-2.9587736258003146    -0.7158847964533728
4.4642989926455865    -8.757104631045095
-4.436839098156734    -1.9496240677825434
-0.9806989899132836    -0.1199693700650275
2.8439079204696576    -0.3120963659653381
9.809927321097076    11.254055904005071
7.28811702657965    -7.0146489317492025
-5.036304107685743    -0.21492925270460983
-1.305191422554211    -0.36926788866653637
2.359908511050057    6.041293205717546
5.957360612807805    -5.072348344686318
-2.665681080132611    4.513817967332754
9.477510774844552    -0.20192529400214365
3.9673803632842968    2.2426321408609655
2.114155701894244    11.900816616633788
-11.114012946569522    -5.086373341773684
7.288422182596218    6.268988124247654
0.6500850000375583    -12.396402280061015
-1.9943778326575874    -2.1800693171415517
2.0127032388072026    -4.9614390179238566
-1.2050181851244277    2.1063757946979593
3.5245700041834915    -3.316241731054612
-11.696668133879813    7.958871659293372
3.5503277758805853    2.747599534581494
3.7623877116514346    5.180541901889075
11.978319777994498    -0.8738131089612811
5.168808430162283    -0.8514695481883742
1.7594295248530063    1.812264974205757
2.838221203765582    5.889912241176782
-2.3420863111022063    12.159605416245236
-13.186472121776745    2.8519719043910357
3.387081794076027    -4.978900732311761
-4.3365907500419745    -4.7706733809414805
-1.4468016839214233    7.825241859327091
-7.820198077885185    0.3430354430640285
-2.752604268972668    5.197486561265095
-0.6455454113404088    8.625504257342895
-11.197653878410524    -3.5201031463113086
-3.5399780661050326    -3.469216929191888
-8.408377187986103    4.938970264558373
-2.7339241275304604    -0.733150539317144
-6.0422309810807056    -4.002839926724703
-4.041122489805408    -7.918042272263362
3.046781469594787    1.806325514182544
5.2483114160720135    -1.4727500313925335
-7.295026047069276    -12.21372710602768
4.115497228499818    -2.2427248195317584
4.30393500435414    3.578591684842232
4.873652532128273    5.74657404356951
5.655140747663522    -1.2736824686099422
13.54647703481849    6.784078615933088
1.8152530897051675    3.274497072710631
4.919577112822741    3.4027836894185226
-0.06926947495345213    0.6232319920267754
-10.139074985499516    3.321420690624894
-1.2486333285001197    -1.3217017918396827
-2.7209242502200603    0.9845695676956361
-1.675099314598645    3.5056993645436743
7.857675897179033    -0.9807543939101646
1.3944968336238244    1.6654143365267258
5.228700652827542    2.05751142110145
8.292231237211798    8.045959993826092
1.6484349265715326    1.5402412829458183
-9.497371054214668    7.1310137074959705
13.035847673214855    -5.945863114060145
6.691172486417714    8.456300132824904
-1.371695615023695    3.148976972072317
3.7868076334627543    -2.953866328290652
0.06546786118000503    -7.467745514722471
-2.8424699837691    1.1128197452364006
7.947606842946995    10.547246538038939
-2.5125755027537235    -0.7619910379506883
-8.319538819677602    2.3009519927142836
2.39050988475468    6.183953580651753
3.407307417607669    0.15329447259476778
-5.399226875605649    -3.3125311850366432
11.271464996714892    6.45916815048113
8.371160803749103    17.116739991267266
-1.9963042983201507    -4.822822156160586
-0.47971129733010903    2.871998405415528
1.3022310526978265    4.6801037276773565
2.1938381143713563    0.6739509044101176
-3.615007941390711    11.564677235467677
1.9695714389837915    1.9624530933096633
-0.16209797647896246    6.793857434622336
10.754870226341014    -1.020503374772957
-2.0344089322112127    -10.450662106553683
2.061307568354626    -0.8481609028135295
-5.775896519899851    8.597613230252163
0.7515582819276189    3.2683476768469615
-5.346676255869766    8.782304887431483
-0.15773426584433328    -2.5793981096943472
5.26695913502021    1.9330878675978598
1.148133415346772    -2.9908856090924782
-2.3217009541757037    -0.185747258675398
4.777553258286633    2.4210061307988964
-3.547120836273255    1.6717561910452214
1.8137401324737794    5.988754447641182
9.823463024764079    1.5501125925579546
-5.778018869473259    2.903879211378927
-2.8968030073065494    0.5619916791218672
12.283621849135857    1.9466478981017254
2.288754376824128    -0.9827180537667733
-2.767875549476601    -5.9470205832688166
-7.9632495572405295    -9.41918616650986
-9.297960294183227    -3.9858663703513497
1.7414297034277368    3.876934284004312
5.94826004695474    2.3483871022488456
1.6367168098149965    8.061598132395435
-0.314985347761911    7.671748498827439
-3.61149499801055    -1.4984289325433553
-0.572452898062002    -6.752461650967271
5.745127144377956    6.783860465972074
4.657960123737875    5.670721138636787
-3.1463043027473145    5.160721647258733
2.77177791342913    0.615294506727093
-1.997509923879299    -3.469280563253386
-3.201207381815187    -1.4751850844244736
1.358913342760684    -5.944132872682103
-4.6738835500601486    2.445337804868385
-2.380821494866362    10.81473429502408
-3.147847011293104    9.131283414735833
-3.255172029242327    3.6576965060255198
-2.202791692937297    4.068798271940971
2.6464138232507812    -4.650748404255852
-0.2479732824473721    2.1489298649711617
0.7444393058387255    -6.140577118708034
-6.429996903318189    -0.05445978521291122
-11.957621820794541    2.362441616107455
-4.808111496231636    -7.756053957580556
-5.0259102081522835    2.091234580613401
-0.7967656803468355    -5.0586035249253305
4.91938537698559    -5.603837136240246
13.714077976179855    3.3463409362241316
-10.820790460778367    -8.060488110460051
-2.7527010081583363    -14.99446295792566
-8.975175519184331    4.670948010742021
0.07459426120932239    2.4376931859727855
-11.234510361730125    6.552705000513678
7.461824267966644    -4.424176487703518
-0.7268068923425662    -3.235008238317615
11.227653508600739    2.410033996390323
-2.820871702427532    -2.8720920405848935
0.20702932682511224    -1.7783984267666029
5.37196530782624    -4.259743390464549
3.7287173001836256    -6.008468181825789
7.931173392052505    -6.479714603969626
-0.26508765555268154    2.3371576814475334
-8.946968894334379    -0.9995244193755655
5.824098639653732    -7.882689209739477
11.022369301636102    1.5023034839707798
9.760965447426035    -1.7098662284232946
0.4971174039500885    9.059992441721043
-2.3192013000160068    2.9531752746362563
8.621847109934325    -2.4820424513434314
-3.573488730183144    -1.001202938920654
15.204404753988776    -8.04232207389194
14.460182728147274    4.953283980032416
-5.781904338753847    3.1929917824072205
7.286874081047306    -3.6496357531276034
2.154447468549564    -5.745561529898307
-1.5912363011428206    11.533289916454468
12.932873646865437    -8.738178088177094
-10.37202950157232    -2.831196938170293
-3.2745929361775574    -2.3699261300435377
-6.365334361834237    -0.8259029539581524
-0.4225802289462088    5.8609842402633925
-7.512220121741734    -2.157821649547163
3.101722162656919    1.2696220506836138
-6.959143037973354    -6.677731770297803
-7.361867394368578    5.0594137256155
4.890232806325543    -9.68011756252482
-0.6887231185839131    -2.8004582568427496
4.318541953714377    8.705338564468043
2.614612220522582    5.062370638815474
1.7810518790639456    -8.346671395851208
-2.597055594260825    -1.9542668174816602
-3.594710336142606    -4.035711651895503
2.0440073859864    -5.356470516277388
2.482663072186536    -13.244896450354792
-7.006590346870363    10.66193872891403
-4.787103395923923    -1.2943318610310361
-1.6610559370652407    -4.049014572130154
1.8915836824770578    -1.1650677414431756
-3.0536258943320593    0.05626881013193301
11.902037927275181    2.328880524231069
6.844850064062897    -8.144135720458344
-9.547962208632162    -4.088724051895333
-1.3589773844981503    -7.276045045398861
0.6227371023248409    -2.736036205628711
-2.1349593931671134    -0.5370604186019643
-0.06733555680791883    1.4927182570398498
5.188201071485003    -0.6947855532830518
-6.119914673772632    -0.12399070802805212
-3.1531831764215767    1.475595490213891
-5.3178456887957815    5.3187785394768285
3.4134878313512553    0.4814735553632907
-4.103335416730496    -3.4879585176553007
-5.939091177375134    4.56605411766112
-5.587381638726502    1.6744339830669706
-6.454469694905944    -4.123833616047557
-1.2170855539754766    0.7950703894290617
-3.9650145824644194    -4.00114655150484
0.5844674457937548    -1.7172593935323628
3.3534990475449273    -1.1032620948407015
-0.1522145043403421    13.684650795929118
-1.3313452360714155    -6.273417017336154
2.325144324738473    1.1147980083358546
0.2599915308036844    -5.03518847244355
7.561343233058215    7.121658378337351
-3.6864796576175998    -1.5109426011239895
6.159438925431963    -9.151969625616223
-12.314760939926517    -6.528583765007521
3.898872941264378    -3.879246985722029
-5.807577703540949    -8.551509346367691
4.6607796918426665    1.8579799625472704
5.554990807096542    3.950629283057738
2.2339235989782082    -0.2882751007399268
5.118246596363025    -1.7165101431056924
10.764992076816771    9.366609971204554
12.983104824919259    10.568112694705741
2.9886589576834064    -6.830955246447819
0.9267033816296085    -11.047218161730616
-2.331987697931287    6.5620085487091515
5.665206078740972    1.967227013439647
-1.2220716260511681    -7.273131118900399
-5.971960763877316    -9.786300349511004
-4.708510604667998    -5.242388925510961
4.715336969879375    3.288647402840722
-5.967612533130276    -4.704623015237105
-1.1640389282992498    8.045513900146544
0.3018791336420082    -2.6520653652522785
4.919469036185465    1.1077484060714948
6.047262180448479    -1.0172010750037088
4.452919020069683    9.785005021968479
2.3743461418465124    10.74987689009986
-10.858407710915278    8.679125182599853
-4.994219357849965    -7.798724870622494
-0.6600433692330625    9.770529871615926
-3.2243636326166363    -7.289349790916634
-9.623153078653033    1.3288782646563682
4.295109814520887    5.971249558680304
-4.167233923314987    -6.7915949239297495
-3.5670307587816894    -0.606787492587071
-8.704622996842476    7.201881714277974
-0.09698083836848445    5.053583473467719
13.613783109896504    -2.8601389071457093
-4.339060405635945    2.435168666191146
-0.9257864672189462    -9.872118926604163
-3.185675868893594    -1.7222302901032052
3.1485665244887784    0.8312429407829025
2.2939882854066274    -8.72765279218163
-3.5534368121306206    2.6846825585813914
-1.9900162601248839    -2.960429687691374
-4.873945790060638    2.219391811045333
1.609269850296145    6.52644729863122
-1.2433021421218542    -3.409189043975302
-0.12592006307831305    6.2955457945783895
5.105845578778459    1.4728600047116447
-7.9105629195081555    -2.1970507517338493
-4.742555071292074    -2.040583343149689
9.739188801731082    3.141524413817525
-2.4942164445236807    1.1794278377620446
-0.31418343508968133    5.443038880447509
-6.20606709370169    4.427733489308732
-0.0771292403929494    -8.211444114488788
2.129287982450854    -7.866639739456897
-3.9346634602167945    6.4305314399745495
-4.566451152169773    -4.873025509174403
-2.690470391491086    -6.012552306152716
-7.827709607224228    10.032808102471952
-1.6763012773430608    2.210380960878398
2.829199371812636    5.088842799703631
1.5881820797849224    0.2251122354311135
6.667739480968493    -5.611539051372411
-7.291215656658876    -10.977953120382287
8.649219740603623    -0.6221904690512854
4.332209988434549    -1.6573374319907825
-8.095059596115567    -3.786745690374724
-8.508687359255473    7.145191477381958
9.051289066650972    -7.673389832584714
-9.171640762070345    9.197571790052304
-0.9079599595404443    -4.071355529561925
1.0241621122070084    5.292736838261066
-0.6312345028993586    -0.5499013734342555
4.42282672743998    -7.433197005600262
5.230139308142554    -1.5187191122369779
-6.330711410704952    0.10287055707693696
6.675934606975434    -3.771943236755248
-3.5510184503016067    -0.1430748081385803
-3.8822551046596874    3.247179345313175
-3.1426424767757415    0.897549668809532
0.7525282367399907    -5.836768678811363
3.5406305629910677    -0.6591381928374118
-6.6055599380756975    -13.419532063408878
4.087016660473891    -12.700838856491483
-3.0977876504540176    2.6277523802183747
-2.1861796895395242    -6.671465789844192
3.2988172110714604    5.818491890139438
-1.7094993626604327    -6.030271633669232
-1.8417291086395642    6.03973250347107
-1.449569797130576    0.8830710954310795
-1.192516006226746    12.447507728786057
-10.24316094969102    -3.7123819463709746
5.9729811190162065    -6.081309131022678
2.584741452891575    -2.6978149209382942
-8.757631612331615    -7.402850169951931
-3.0453502993409907    8.449248210756483
2.4002942214601344    -3.4073725967054482
6.113641528258381    -2.696841886249369
1.4919273736064633    -2.849593336624145
3.4533491988837444    -1.87093296472556
8.7713735782232    -11.246524052216683
-3.4584530838798355    0.766990916067687
-1.0281664243307844    -6.798200894520606
-2.980720858784908    3.0640363292009747
2.9585741471087736    4.611004269400187
3.2140483548121446    4.283066440726074
3.797664005140545    10.372929345692485
9.736510887926153    1.3917594226350696
7.926531513750396    -12.929691888787403
-6.413149378808691    1.0899039012583918
-2.8011389523050547    -2.6485944263140815
0.8439910694734994    -3.717697093606586
-5.430349955756441    -0.4189781630543631
1.0127465433929908    1.2040367582854319
8.795528813240248    -5.108851170244608
-1.5531812530023856    1.1394828204607306
0.4961979201966975    0.4174461214161904
-2.8949801687824004    5.405542647247609
2.6905651064609515    -1.3922658714837153
-1.3291813004136706    -0.0036971810540133345
-0.7980493592241605    3.6040901669360794
-0.17569071463575023    4.418967812971601
4.422292476036312    -11.554737351732093
-4.567723953696654    -3.708130208271134
-5.50640460116722    -3.8392781838066563
1.8366989125254822    -1.1160971553126389
-8.069051223027794    -3.6599383592357597
0.212111171925322    3.278408256874811
3.650005545921142    6.729570120670905
-0.31687778773216957    -4.213444875389374
10.193333478562103    3.189412019420369
3.0232097674073217    1.2074304259859359
8.071632973560755    -3.462026904856337
-0.2889358402530043    3.798972600691265
-7.434691273888663    -1.343102918372943
-0.8531167760805262    -3.1110588743673735
0.7253993993139819    -4.770127523043474
-1.9198711005221647    2.143048451263131
-4.6747498197753155    -3.149045269175017
2.239734111508667    1.6238434738062688
-1.11365387429087    -1.4875872615714918
-2.1466842021151753    6.316778581791422
1.3227589175230527    -2.913496410067712
15.567950163216803    8.261053005624472
6.801308027878181    -1.382481802787533
7.21382997298976    -1.7009138419375973
-7.1997293241880564    -1.448707005616374
-7.502412322007671    0.638287847453812
-0.12576526404449206    0.2065034374008368
-0.42427130709786365    0.3568198947863839
2.7539779731592966    6.5294843175197865
8.165658738187233    -14.711271464374034
5.062273540794033    1.94481156511377
-6.252027817509002    -0.3027558575808461
-7.94562832294836    -9.511427371503746
-2.5017795207912368    7.572706351830859
-0.5083845559562594    11.791011525705745
-1.8559703423875256    -3.754295635588979
-2.451161033580879    -4.167072281169867
5.490990280222996    -3.490186941972734
-4.262490629132951    2.667479942851804
-1.6249213464205516    -4.772441791739716
0.853489395474923    -11.671905974469382
5.3332882672426445    -6.894498598030868
-7.955199418348405    5.720429218188673
-0.32208913597266364    2.049753954839364
4.8358825116586805    6.302866236957884
2.761115314392079    -1.33527957396804
-4.270937883293025    8.216586962076567
5.159675553065916    8.82358334764402
-2.299489888634922    1.4891916677180372
8.121780705558464    -6.322595697392872
0.005393080167650431    -10.684701538809247
-5.221281633182701    -9.25265286845831
-5.98823737740953    3.8445129874281943
-2.8791414483810454    -4.364697072728389
15.394731648031936    -13.228754216014448
-1.2605136670628205    5.941646099427026
-1.1737468624072267    5.314796022780923
-0.6936981930400564    -6.030549132882946
-2.319384981200114    1.9168826745796697
-8.698443180300188    3.603670101363666
11.831711148777908    10.13535700013101
0.8772935695801543    2.2670034380613266
4.527012650667234    2.0656624447788894
-0.3810031852843698    -4.467075404552238
-4.469122909273834    4.384614284404103
5.683222198185099    1.0275897060792165
-4.245700286307951    -6.1617969060685684
2.2915485294933426    3.680155796470684
-3.216373673928629    6.690307927212598
-0.9604650643094279    -2.6499971561263407
9.167351453254211    -0.0456061137551711
8.29788890820453    -3.3999115700587206
-0.41226820916346324    -11.561927870311653
-8.313622558263113    -11.370346529742717
1.5093925342461991    13.999831651665675
1.2809294480462414    2.5827522215098986
2.424963025332409    0.7377027804371001
2.6188142911056382    -7.823674555653805
4.604066602445333    -9.28653184636927
2.324102595999546    0.7900245178049292
-0.3800206746289981    -2.9040314057878236
-4.399311995143028    3.0071990592537654
-1.4713793865400646    -6.444267282221709
5.358150290927958    -2.36282142095219
6.135332656015699    -6.854792202934486
-8.74711781071162    0.13536850854002327
-2.222625130303606    4.078799871033022
-10.534672094281254    7.678130539689621
7.971706961271828    2.975791312228231
4.010770263955877    5.435413072407091
-2.192486293822084    9.545266352413176
2.0761887353037976    -7.650367543371805
1.0825043608947633    -5.17434514306246
2.5738004863553474    -2.2868501139822315
-0.1955922255126947    3.4530821853851026
-0.32745023951371754    -6.879629990951493
0.07100343393423218    9.965545634101678
-9.364222540327058    -3.2942795819477104
-2.768698904434653    5.115411217357763
-5.274578561660311    -4.2455209246155095
3.379188727214863    5.924449583726482
-4.821423746900628    4.927738201642897
8.185819045088058    -1.75312976655211
8.048843427025584    0.8622593273242523
1.5392881338890925    8.952662005169493
3.2543430490575007    -9.69548968708977
-4.32961011387813    4.67603465397929
13.161764760351197    -2.041416574679092
9.204312077717033    4.877969487618333
-11.336865929334543    -8.020586511328101
5.177631438785949    2.8023620818628023
6.937206682509689    -4.007754987537441
-2.329191524215267    1.2061808753147565
7.534648544342041    1.1573226059644426
-6.876878853488769    -5.531194655809425
-8.829153258697447    -10.501556409266493
-2.420290987896802    -0.9570088776033125
-10.29864216256702    -3.508661233038806
11.362868615741592    2.0013203341686596
-3.1044306203073107    0.827362397481939
-3.356632437305688    11.624288418433489
2.8273736466740615    -9.280389658086799
-3.044623727249811    -0.9943645754095707
5.511321925210563    -1.285814721182186
6.435888208245338    -5.759948847150119
-2.7028027950128863    3.1655893643478317
-0.31905760005851075    1.309192266500331
4.059589228772661    -2.1634108625081647
-3.5812329391157585    -1.0871771372174168
6.6902783946081925    7.284139973546848
-8.086157971328081    -11.732486084629866
0.10850274752669545    -4.80781267898708
9.477948443116086    -2.468570220290877
1.3406491445650015    4.491029008652556
-5.195646272035408    -3.965697036305557
-2.7537949462821922    -14.814698964996746
2.9121294512683025    8.633622688456454
-3.405321672846182    2.5955288519898874
-6.87127510283858    6.713509206030036
-11.977858514858882    10.35476161170883
-4.6496481393381455    3.6702483007134417
-0.4012534533406426    6.28214808505016
7.217899164165359    -3.5873878904675416
5.158617701101907    -12.642930272895258
3.0735072288928893    -5.620458933652612
0.4545791955187133    2.4657853336360134
-2.6430369342664433    4.01370963760343
-3.8078776021922596    2.695061690208332
0.3011468337364662    -0.09308404848335741
-7.131288645265164    11.295063472206994
-10.038532449280526    4.103599943471744
-0.8681533765895069    -8.29777255871033
8.380160645172667    -1.957885336404558
4.25470015866872    -20.766976759905898
-9.441089939984542    -1.4591710337481532
-7.737009327165975    3.579646203422519
2.252093241057931    9.206325090676733
-3.9014924433022573    -2.9217672719182266
1.662097351815318    1.4039315909819339
-4.566986056314299    -2.21474260030287
5.795958513453787    -9.797379511962268
11.653258296613583    -7.447217721878538
-2.271256727922353    -2.3214733106459753
-6.925620483376111    5.990749754757247
-0.686276871586398    7.877374181527384
12.87222830055402    2.6199892503445255
-5.5849632595645895    -6.41798222138327
-3.106803879953481    -0.4076689767022
5.40012040546751    -2.709843415621821
-5.308683204832256    -0.38216168248619414
4.890460431088488    -2.0627008506400575
-5.12202367368646    -7.227777954066456
-2.042344184948302    -5.825085521652337
1.12177665294321    2.6832655781602357
1.6358750470682482    4.672844200293888
7.290371597608779    -2.441151490500849
-7.735987107891477    12.238683310966582
4.002054200179176    0.7188730922647191
-1.286047586992075    3.0186174589934613
3.5518257454154436    -0.6699790694956491
-12.428110181953562    1.6174141962792352
-2.4410905466962514    -1.3470622333717235
7.090165623515131    -0.9715604947711437
-0.3508495015748359    1.8840908106070626
0.9178506735873141    1.9630986263928831
0.28284918756408434    12.313674324833022
2.389648688544573    -8.173020533641841
-0.6699190289150978    4.64515781276143
0.7865844479822244    6.5596948856096216
-0.5936034169412839    -1.2387572075164512
8.289491984085819    14.922803414588955
2.937101515375206    -3.2076207410756457
-3.790605791257518    1.6610753870158401
-3.1493898538054985    6.116480819675213
1.3304508585917372    1.9226281329983854
-1.842781033186908    4.1169958970928135
2.76857390723355    2.540273458299133
9.986950499756398    7.98260639323272
1.6050649290622934    7.178233505185411
-2.9012333562378756    1.281442577696322
-7.738814258491447    -4.88150184733216
2.7663279239561485    -4.829994382665086
1.1483186343833125    -0.82433583906039
-3.425738307834334    1.7745507530533147
-2.4501267148942345    1.800118993979363
-9.922331633181942    -1.5863247629417456
2.062265125363992    -5.23691738765969
7.607541751500455    4.9314813645774445
2.7636721402184086    1.5277678421820031
8.510958792321798    -0.7767913663450671
7.570366211235272    -6.636830533830129
-4.441468026697396    7.622878668616951
-4.647086792712774    4.10702540521296
3.0189573509150356    7.825073892737741
6.310082076219603    -1.1759800229567814
0.5800378405761193    -1.1546134323890451
-1.1253712802012064    -4.923926037447963
-1.8682182634685234    0.16267910000948055
-10.385715791156223    4.340686873838249
1.5388078246051553    1.9807300904861793
-0.17903061981910984    -10.432626413935633
-2.6227199666835617    -6.713543237333267
6.466869823503875    1.246717700504752
-5.745392172454501    0.943708567956648
0.2980156337738516    4.565452328319834
4.732073075222579    -2.503260492626862
2.8475800724447176    -2.7132734225717723
2.8414051590628415    0.08545217533788232
-6.153981739377045    0.9854483109924995
12.081408471131883    -1.3231115361436732
3.710440849109073    5.135393629725394
-10.972719888965605    -1.050802790169743
-4.621124072840116    7.0786838837828485
0.5359418813786501    -7.803089045189352
1.5938953269664526    -4.3270171610279
-8.153942677827443    -4.928341891839711
-4.392432791210866    -10.500706078216757
6.739107183510413    -6.419993064517535
2.0295535063690755    2.348769541710096
6.867167019174497    -8.942240200535513
-7.710653515692586    2.910324659100724
2.713600234663802    -3.061951847646802
8.604305376278829    -8.429875868139215
8.184897932486155    3.677498674813892
4.1895099435896395    0.22345201724578861
1.1872359766390912    5.337141538934923
1.686991806562787    -3.0114886456752137
5.007887886244447    7.683455714247257
4.291306440072125    5.566159064600895
-12.654045478941374    4.5229165518780095
2.935270724930769    -5.2873733017489215
-3.5788277531783614    -9.20752422391096
7.486367863341702    2.3779953471098048
-4.520845349073695    -2.8617569504263694
1.154274583984113    -2.6457078458941936
8.78606675879182    2.792166093082327
-0.3306080151610228    -9.542186793819095
-14.18790741440337    -8.636041732337139
7.94943882385008    9.706938382920578
-2.7478214477520955    -1.613566774589881
8.308250383263132    -14.144750484212278
-3.1594750338388584    6.271002209151019
-0.4251175374145763    0.7934845430917419
4.689372425006857    13.131375162643323
5.146842720966759    -0.15994612387244908
3.139873973074069    -2.633659686514545
2.058937517438628    -2.75337035456049
6.036768860097347    -1.0731326132286059
9.150015284138654    3.573672661942542
8.530694811066    -10.427857143709302
-8.585075824614556    -21.408220404209455
7.129081410734797    -3.9904098831300283
-4.394782818510022    11.510994905745578
3.0213122638428116    -2.5716984177628253
3.61443011479113    13.804661798532152
-4.35634526356566    -7.660648681544086
-3.579396064313403    -8.433611698532864
-4.545766823503753    3.244931206636589
3.7075146914475705    6.855231981786526
-9.713955896064547    -15.06833543925086
-2.449291344717977    9.699016781261243
-6.015374847003609    1.1122123654106666
-1.603057344899574    -4.681038598281436
14.602604063883605    -3.4574570713091206
9.510500763518515    -1.1038804768559327
0.3006455185533307    -6.027685305447278
-1.678298566700829    0.5507155506515555
0.6798365017869525    -4.4496244867943
3.6140631346279513    -0.792707518715157
6.407280201060952    -0.8610544417800838
-2.5966304469278163    -9.388510360709333
-1.4208936902807487    -7.44834385307385
-8.57381703332692    3.1346660463785483
-6.541949461320663    10.982722789057808
2.224222557161392    0.48512459016680975
9.117973337666307    2.6329558951324015
11.589375710246713    -0.22385073954962453
0.05753691272481876    5.238774071829056
-3.4644702027593497    -4.758558080004726
6.23885120470313    -12.817804166871845
-1.5311922075679565    -1.7415048203554317
-0.49879560532419315    -1.1200796737122631
-0.4329599336525838    17.32408686763397
7.6777740721073995    -4.955000774529292
8.574875404265356    2.5385329961891294
-7.86647398027876    -9.256826111175739
5.9251091494515284    -1.227207436119166
0.08456393303351298    -1.258014069911644
-3.063083699662447    5.230926435895834
-1.6961039417063148    -1.682988914842348
-0.7848598021391578    7.514747742720544
-0.48004188675040005    3.5511422697500286
12.170409069478582    -8.842118876300418
-5.200769284152039    -1.8130864052431503
-2.1257119959233752    -1.9287918388328762
0.989708457175368    -2.108650729728321
7.361584678998734    -7.77697166936556
-2.853996888000756    4.304675458756087
-1.036158963211825    -2.0030534873035934
-5.2504731709030725    8.825470833949346
6.094107888852962    -1.5440989016887665
3.082813831330301    -18.44313334035297
-6.3446219427278985    4.873053224510795
-2.9063606715342765    -7.041976978567712
5.507079426000747    -1.6427006429455722
-8.42787824529455    -14.422940550851498
1.8517429378773624    0.926027329503827
-3.939806143926969    10.697182113359721
7.756598066437962    -2.4155048108857375
-0.39041647345021097    0.11360292958783838
-3.4112161229583564    -5.886889270375019
8.349861202005668    -0.8038379553527193
3.941999344224555    -3.3353152027470236
0.08116289382103    12.486723199404121
-1.2271476076926977    1.8326276939297632
-2.4465376893855546    4.732692005881397
5.584507342697976    -0.41994764060075734
2.589166114752805    -2.523202308921574
2.7031692259391136    1.6011597039463124
4.214422272269794    2.451197927470626
6.067154802063336    6.185691776290327
11.557889916029302    -0.18425451116589064
-2.859320746437792    -1.0000939237514364
-2.3265833488872456    -6.310700602295559
-1.4894684440555737    -8.526364929080982
1.3625787198944397    -4.732094449537249
-0.7330130505940035    0.8525194335126242
-6.04886963776926    0.04331065168253929
-3.9256787847200876    5.722070848094406
-1.9784313666827231    3.3368618588447294
-6.939231774801979    -2.3186727368283075
1.4207889261775946    -0.04087948048565435
7.528094332870456    5.855971828045978
-2.2514177454350404    -4.98563673886997
2.50767009965645    6.027619624354264
-5.545298196411148    3.1988887188368063
3.0782882271523424    -3.2362927417991436
4.803373526084585    7.303985165540109
1.1281767893612449    9.900563821849623
0.49156374458639274    -2.7285507592910383
12.625734236596172    5.572168986061105
0.44321316447894277    -2.568792145192126
-9.293879648902262    0.9792069189890138
3.2818736683644167    1.6499424813148682
0.2997176147957421    7.0367226255303255
3.6874261185259485    -7.062391660976956
0.4183079762884427    4.682915052568683
5.40781516853023    5.569864922407621
-5.8995216261222625    6.730920237355818
-2.21725158780578    3.970432476624641
3.236859822892089    9.77022448765594
5.255873201645201    -6.664943154128374
-1.3741071889547283    5.507546754853147
-1.4541598576870036    -4.424389724071055
-0.5315145691136793    2.4494273397362347
-4.4905747813819294    -6.341952768636522
10.547949438924233    1.326470304088226
-3.3796590705082297    0.05174629164590509
-8.322347185265528    -4.655568471790005
6.273745992321317    12.437964507381887
3.0567654586890214    -2.465806744500705
-2.210205949579827    -1.8915241166171017
8.745183918159718    0.17590092142367353
0.06174825495918661    9.630162170987024
0.1445400384464927    -14.252942712757234
-5.51271123589147    -4.47378779858735
9.326670781016793    -8.393734341374046
-10.633201116598428    -4.680085488906795
5.09931347115907    1.3258495408279967
5.3292195006910354    -9.029769883512555
-5.920549474337146    -11.651787107217276
-8.39879824546406    -2.1569198096908466
11.716080437294263    3.4880595689164817
1.2060678660759816    2.2919160260089018
-2.73732527016232    -2.0890434210326005
-4.474296730412677    -4.988858926456569
-0.8408093301268125    -5.015965840998853
-7.633067216428218    2.1647450005199937
-2.7113312796081868    -14.620637419003515
2.7356303038616137    -6.618129855442282
-1.637103875896246    -1.1522361417170857
-3.297964907554108    1.5178869483417285
-4.548072186982525    1.3393968090809107
-3.763272616547776    -1.1237287807379197
-3.2852235859368655    0.68357941347161
9.691927952003294    8.713744234195385
2.5165020591842495    3.1268438739891993
-6.119900917303151    4.17937724217914
-8.491873173465079    2.8434225995342497
15.12288786903327    4.22628480965755
-8.642088002877943    -1.4765383962989151
-0.5426674160997651    -3.7803278738695516
2.5281335581967026    -6.285925278375882
-1.0404588025133426    3.3811231970508167
5.295788498408737    -9.032653795414557
7.146663970275681    -1.9424507588150786
-1.0333955550959062    3.06240833381166
3.7630368096900906    -4.21241878094581
-7.76366883567979    -5.516840023699244
-0.253528112531161    10.07441732748002
6.0653233861515865    -0.22137631793334356
-5.204670729016841    -1.2422201307991314
0.09917069181120629    0.018825707987122492
3.164087409474445    5.378989518784798
10.471591119505069    0.23123972657086625
7.799559007672671    5.798183796349008
-4.536474777395263    -0.47462837424438564
-10.717732773254594    3.4811069153938163
-1.1868422990453618    -4.15996996722755
4.424242984980191    -0.4838125029526864
-1.6620278600744107    2.56035662532302
1.2000186087651303    8.724222457616921
-7.1740395003473205    -8.835116461175707
5.130515660506664    0.4527682597809821
-1.1360860031055129    -4.579501720775355
-5.213857076779469    -13.808746555952434
4.538871215468893    2.02401085877678
-5.709066736006606    -2.1034538007679586
-2.7289513728241137    -1.3090954581708238
-4.872091780555506    0.5630501990720179
16.528852714430254    3.1951712416176665
2.1682310322963345    -1.6273439231283444
3.445240023447452    0.7013914473456762
7.141192215298896    -4.909818472171654
-3.2654876283214493    4.629832556265969
0.8951755588620751    4.377924278323686
8.281528838186858    1.9567815547050007
3.266011676103762    6.946069658238388
3.7165350365711114    3.072397508202693
-3.7817861006525493    6.638960158943597
3.6444914053483783    1.3266933054658705
5.697428189040014    -0.8781685275936538
1.3881587151089008    4.784866771605729
-2.0222404645943755    8.871969735006843
0.5305498527098117    -0.9389243953528262
1.0350863587845673    -1.9521986687034028
2.043912647800827    0.7723640480747014
0.25728482375044825    -5.90209924118148
-12.078485574396359    0.17500599443104609
0.6565421458013047    -11.481787820317788
0.8033618229195617    8.716121991205313
-1.2605406754702113    2.213268098610086
-0.7683060855454455    0.8888069485311056
1.2106581675259958    -3.778440154770897
-0.9937601796511158    -2.9730719983746496
1.5048756296339807    9.996267060560632
-5.664368876196451    -6.567369462198719
-6.9977620147632775    1.477933811458307
-10.129394320211869    4.79369624837315
5.001976449754796    5.193004694232707
-3.3051056467093636    6.799198539227973
0.1093893915083872    4.042600440092864
3.7872354142914775    -5.325513598014304
-4.90498380207132    -3.4507035544076183
-6.605504569465671    -4.60023214412742
-3.1310013893043505    1.3792711928198378
1.9802847316414598    2.0504333438471534
15.360649156888904    -3.545338305228158
-13.394069866928907    -7.187295276921742
0.8958722522189565    -6.567914691765649
3.8491933278815518    2.0303123819779407
-8.623517713043704    -3.8965368578922814
10.211596631948956    -8.697292396683878
1.6205131351467987    1.4695326860600035
6.189715643115308    4.40331395215375
9.224758255514523    17.74664095044544
1.3848656624448146    -2.45658893167929
3.8299002107468154    -7.067628176058712
-5.8684809858592635    6.366919916515354
4.464332058835425    -4.737176359324489
-3.614225786273077    -7.122126349387348
-6.958412303746493    -6.004035568402134
-2.2107140647010812    2.217954836584494
-10.389013527451302    -3.501879561800991
1.7974322311020674    -2.0054010651735252
2.7079209296705127    -1.5106921125238435
1.321292885934588    2.5028256817924865
1.7702003283991643    -5.486224213280019
2.9219400225194563    -4.221226244797064
-0.5603183750452589    -4.3771282212023275
5.674315212506717    5.898352941533239
11.75363422675703    2.4435023411794785
-1.6720015414844407    -3.501719560702274
-5.8405859849215584    2.1791624168557746
8.149394377031202    3.0004014033798323
-1.672870204877299    7.7747485975584745
0.07759004551727078    -10.206856367265702
0.9156114099839319    -9.645372946266056
0.8876127765644547    -2.8629936397873563
-0.3175571840661765    1.6454793397998608
-1.3815833535421604    4.134446553887488
-2.963395107682862    -3.448667084475312
6.978858127769991    0.6141511740507486
-1.361569940293222    1.0619740327413463
-5.062756468208188    -2.6240046598237994
-4.562657309062738    -8.3580186507832
1.5680441995477008    -0.410496976364242
8.054977977242833    -1.602334069062976
-0.2821301504008364    -8.225800105331123
3.7256470836702027    9.241617430715767
-4.27370056720664    2.209963200766672
4.348310473488074    13.972699473477686
-3.7337547838678917    -3.9927872130130675
-2.2260540307608956    -9.154761182611121
5.264604650234925    2.015773107135909
-0.1380050584789073    0.15495434304822553
6.942968124101727    -1.0523084398093938
4.92801607213001    4.480400369401462
6.258672252780881    1.8216209249051138
-1.4390487846455209    1.7117614911471186
1.5271990058993443    -4.201493238673928
2.720645240399045    10.159350513460572
8.733749145904104    -7.433346846232618
7.192528209175366    -6.5133536585157445
0.2829178335666803    6.033161556894592
-4.038814906988774    8.84294821297979
6.580970649866504    -4.5557426453039644
-1.1376690467973027    4.033711545220942
10.719727157964373    4.404762082213673
-4.391794296114935    1.2205862895113375
0.4590884722751506    -3.3737180608768105
8.741997589360238    1.4405781055795615
1.6668355092133973    6.259114128768984
-0.503658472911243    0.7878200455202895
2.0940967720032795    -5.9618950433735645
1.241249178365597    -1.7410914437546807
-9.235896471260688    -2.9445959495771357
12.963534182312843    3.334828253411854
1.577427769890403    4.877215086933441
14.45184847373944    1.9411806454253508
-0.7516392015915019    7.388660290240529
-3.2736268685338583    0.18049136354107204
16.94932880971173    -7.242002312235526
6.187289098913392    -2.496188013126856
7.2745327634336485    6.960889523864992
1.0556420295279707    9.271940688396263
-2.8253841719309287    1.8180221452483885
-2.858666848082965    3.313842927942606
2.0321142225228903    -4.089277037127632
3.788015193827669    -0.5778390718480225
-10.859224522499028    9.738286413536946
5.52931637672045    6.300463794190866
-2.487783355360451    4.32226781379442
-8.211184545850973    7.055663429701209
1.0887871577304258    8.470696125779599
-3.257872856757959    -6.276742761278836
-5.522670425473791    -7.182220645555078
1.3243357732402203    -11.43207166965426
3.1889136869736836    1.257349512258503
-0.36889145164563114    -5.3535690738567325
1.097320169529054    7.368911978326698
9.524808461896061    8.54121569364638
-6.573514609098001    -9.651530242608729
2.0448280055909884    0.2749222083785996
5.628578338636591    -2.0739447320800717
-5.702337410490373    -1.9720441393465424
6.798883388943244    6.057133744268381
7.109624181095912    -3.833052617734063
4.551909828530327    0.8399587917158581
-0.8125787627893907    -3.9346319955887235
3.5694307546124993    -2.531046401975975
10.712152427186266    4.534369229753534
-4.547864456627839    -0.7716448718815239
2.4482045094231983    -0.4153359690422563
-2.7128556071001535    5.781784630838735
-9.900530507213846    -3.60053729627162
1.9487513304853121    -4.059403234198666
6.043710809964336    3.6317274549276775
-10.767692746000439    -9.0278228691089
-8.653051177017932    -13.701343801194353
-5.531748168138716    8.042289910650572
-3.7013475652329193    -0.3812728882249711
-4.76786967412912    2.166281244239184
10.523512028091382    -0.32881387665978407
4.4349758113919355    1.7465832342752607
2.3840755173881107    3.9898621886878627
8.384545411906052    10.782847610205001
-3.3240280303281695    5.687903212986393
3.2911748738863036    1.3232972408006576
4.916452801466956    9.306365584864494
2.062990558984487    4.109355373476741
-14.465240255653866    -10.148822566481297
-5.2560604476894195    -5.390513473825104
-3.4955702248155673    -2.6675946793249663
-3.909741733097879    6.437060814768887
5.595078005302798    10.142614636662287
4.990396015324409    7.520459417720258
-3.6789704915196393    -2.0139804598543534
-11.58210703200486    0.7280961575938223
5.391218882975198    -2.6374919543962116
-6.435299316644352    -1.7530278843746157
0.863910382423435    11.723058369040942
-2.4851109895498293    1.6262608297392256
0.04647021227566141    5.710911802123835
4.53019694063771    2.8251386048553178
-5.2959227876218025    -3.5626008336154276
3.888699150563982    10.270056591433766
-9.030248757839745    -1.6528761122757925
6.153147027166662    -6.494369393461325
0.7037063959931268    3.1181340829168263
1.2869905283377487    -0.2805720626104113
-2.1077783394627065    -6.174465569063105
0.8125444413459053    -2.227950576620335
0.2947229531783166    4.618437543054786
1.3466588256443481    -3.482178000706612
-2.3380396772965275    2.27848448704858
6.908527626565343    -0.3606844838950514
-3.9994540662613383    -11.297805632411674
1.916965816314224    1.761845273842686
-2.1576054856889373    3.0248171201201597
-1.6138165245234413    -4.873931581395793
9.169419814171924    3.5052239822701394
4.582396647378218    3.304991182139741
-0.927009934696206    -11.299767599997697
-1.7337567628367996    4.839107989883901
2.4979587641256034    5.887107835562177
-0.6393131522600078    -7.116443824489403
0.3992135090370635    6.070191197847392
-12.065179892868322    3.5462046142161063
1.0291556132229311    2.7498196525829943
-4.458402560874652    -9.39372867539263
9.458179113508846    -4.727307113822194
-0.3396999447883668    -5.310482389111352
-3.6879047095826523    5.042214991580054
-0.11145347787685535    -2.947504600627312
-6.699635761986637    -6.063623256202401
-1.4343711159541401    -3.7799394516931253
-3.016633209926714    5.447977433342402
-11.59131312743694    -13.26660004057174
-2.8001318117691447    3.1884220044612923
11.693412469984404    -2.084444315024542
-3.2216537482121366    -9.807974499770598
-3.7656469232122234    -10.31523570314869
-5.35294634447363    -13.230102091184083
12.581439523772355    2.811207044498731
1.0333051705569256    1.1196298176946768
-2.8239930124302948    -12.203134163028995
6.2125311799959    2.4122469197513587
2.731817133547342    7.888221130368147
8.554885443882522    1.8929919745437214
-0.029626715253875006    -1.331209056411399
6.975330482025901    8.231753332050921
-6.892783436558413    -2.448576775314585
5.148173033661504    -9.095887991357772
-2.7668011926096896    8.749665064995698
1.0939114784040698    0.759340984999637
1.2961089292058847    -1.7354388472096225
10.906253765835526    -2.6042465898897835
-1.5817983091317578    5.919477497974201
-5.041336100079807    -2.5091963460348534
-3.355440654741841    2.3111044944883155
0.9149536378458528    -7.7738552688675036
7.017388411506613    4.7340802080716475
-8.180925186413978    -9.268032616181657
-2.6783551561613517    -4.722864663411699
2.0040561587660135    1.5786020319191467
-0.6141548176391696    -0.9342722027846796
7.408411109422626    6.73356092529345
3.1737877528745693    10.018092884275834
-3.2145485911400455    -1.534473777265708
4.866598464643073    -5.304056863844445
-0.20749396192041275    4.845223858810273
-0.15343221931133064    -2.6580613683875454
-5.085830779523773    0.03543691340063151
3.7878980173903356    -1.1399467972177393
4.336487711599289    4.640362250638311
-1.9243793805088836    -4.119226065406613
1.3535032367149666    -1.3165051425844134
-2.5352517974992943    -4.715697011453993
2.617505436397578    -0.9281104823261589
1.0527358135857605    3.6317820199586572
-1.3298809755770373    3.558655843921131
-8.80551158207198    -5.983199013686766
-2.9381211018907543    -4.253400046890499
6.800870913634045    -0.5236393671899979
-3.8538661614186287    -11.572355913971487
-5.63444766586141    1.31224474246053
-12.003073556586084    -3.4262835224450763
-2.940012215345478    -1.2550520532908975
-2.1650564148587033    0.5111601756511631
5.747986919034135    5.225140053509623
0.3219535335450197    4.988215577625373
-0.6945377419256824    -7.901235007830435
-4.239568471714628    3.7247487529838175
-3.475303853849846    -2.1431123559357093
6.423155241952906    -9.425638027160222
2.5495735475437233    8.209957654744008
9.355059421304972    -8.532615771437236
0.5491691841311607    -4.976131750920174
4.063646622181801    5.497850423022073
6.424956810768508    1.4245856456376433
2.64338327365123    -3.516637378513039
-4.598941693819966    2.9952049397500033
7.293181012428088    4.551538685079179
1.4270514341635652    4.394059711911292
-0.5150480366068989    -1.7794714423673266
9.765375730998162    0.5877130160199506
-1.3292658540036024    -4.295439999408704
-0.25827701846455026    12.553598869995508
-8.596691723317413    -4.362958354689908
8.05563284264096    -3.057394180723721
-3.081903077999327    -0.523963433526559
4.053993338374982    0.11532581849904
-1.8649108759684119    -6.536421003561111
5.304128668622975    0.2253371565021567
5.006565276136737    -10.907970063742612
5.4632615607875    -11.915744629953487
-1.730411233000858    -4.0928919642228445
-2.084876606606946    6.005539188747636
2.318988679240246    4.494828375233277
1.704102839838786    8.119951370223681
4.930418642418677    -9.326631996554307
-7.645757788447836    -6.8378761108166515
-1.0616993800202845    6.822609101469165
-4.7518478491422    3.9200625108153666
5.680159062080326    -9.976731776624487
2.1816713267522134    -9.46965545955512
2.4770419402344115    -2.6786993316687
-3.0715675767435666    -0.29113362910365953
4.729518711107776    -0.20403857761841337
-10.77168087374567    5.591083478942683
1.619169698657507    2.2527634048882335
0.4975391915501688    3.651974189462742
-0.4751517784833897    1.4960028271064016
2.6690955510253023    0.19602431798351927
-8.236384702582647    1.7485667889631105
5.771694344550488    4.020255130976755
-3.312909865074288    0.9305596309766049
-0.17905720364529426    4.572995644354277
-2.3484463454236537    1.8685627423313134
-4.636821901734856    1.6108250994519104
-4.6473772923344345    -0.9476042639560943
9.91731116879726    -9.16322659756993
2.6125237842668656    0.6964782776120523
4.62390067997149    1.3373579675718983
-2.007056518721037    -5.9215477885406695
-6.586932392765612    -7.662594786611862
1.410658667256347    -4.00218178603891
-4.929714721994867    10.42161333329956
-2.7431526448582093    -0.5798856829081849
-1.1994253137779494    -10.800796396586504
-3.315894812452509    4.24776159124787
4.803130508595379    5.874205031772899
-4.516145746249124    0.6947191660552631
-1.2802503395924278    7.7333578200114745
-5.268375398757988    -3.496927132591555
5.265522701944021    0.45136736818519646
-6.451084205736403    2.67145946179108
-1.842192821365361    -1.920861847640414
-0.20672533234031584    12.142899882752449
-3.3605860134259666    6.6479369464053955
5.319997025834299    5.528712574615358
0.12888230381933843    -7.204830850214449
2.5253921298718915    -6.361262633957242
0.9540969476431393    -3.5608369161845816
8.51479191986209    3.0369373570197467
-0.8753035066000603    -7.963663891843417
0.3384794328491345    -6.585794461723079
5.215234299377858    -0.7243702321888117
5.116392404312216    -4.784203423566899
-2.2272784256064218    -7.1995560965458205
7.1366667092968985    5.400099027366712
1.3521310674803872    -3.35851931789378
-3.4263138612233495    -2.418516937472018
7.225792275282345    4.585027621827747
-6.596461046405399    -0.15092221073694956
9.375782881568421    4.6611745437152505
1.6412522888161465    -12.821190807266959
6.603023683765405    -2.7712534035938217
-10.824815039833279    4.124627784659332
2.47215773758942    0.14392487462088527
2.8493374145130623    -2.900733097743874
0.9187973064038469    -0.22236122420170235
0.5374204033419735    4.3347877244401705
-0.8991187636714069    -8.149930647544368
-4.016552698009504    3.8442390319296704
-12.573247240067772    -0.9968780436842262
-4.139477750585391    -10.536526777995295
-0.66899942230121    10.177467141422015
-3.6510211171706617    3.5707628237398836
1.5709681982122876    -5.337649350368448
13.235411025166156    -2.004755772053852
1.502049861407426    1.9717943851074233
-2.541613574339299    10.613376033370935
-2.3834870711140543    -8.434373217603993
4.418326667042493    3.5410771402404686
4.18606417817549    -0.10219388735786367
-0.5468382406122441    1.2013563513266647
-0.6122187958763438    -5.891520240873451
-5.432049920690216    1.1897052660139664
1.2022854864257864    -7.642764355584925
1.4845261710795277    4.753463416486912
3.8678595019599107    -1.657935131581815
8.5286237062915    2.7291492078909565
5.61447806594852    -0.31946821688074084
-2.3232085569646523    1.6414937273934975
-3.2797459803237157    -8.912896665532312
3.201297152103556    4.905272289087464
5.863180423504456    -4.5818053959606155
0.5188607563254733    -0.3909794587558293
-3.331252767173785    6.244669147092639
3.5560569421799504    -1.085450180888364
-0.2994227279707871    -1.7905721303818931
-0.053887042546753985    -4.126328530420862
-8.231721871426712    0.7538479540160447
-3.787924751463317    4.081492200247449
-10.171028508433352    -2.7090199703857856
-1.720782770833384    -0.019253772571230496
-4.588937222335384    0.8852890939782623
-4.758984255573359    12.500258817163315
-4.330900746542239    -3.4193547820718613
-0.3659582345296738    1.0558921873787375
0.7510898279800249    1.354253064823999
-5.474978231380003    -5.919619409403512
-3.293732010764657    0.9903367984734214
-8.881782635942436    6.998797651200513
-3.2282168145912435    -11.79735475485933
-5.677059174094054    6.8936143441784035
11.829203728845764    -0.31668056388767774
6.187877526336509    -5.448597770097368
-1.1926290239157764    -2.2290266495320457
2.9872073985892866    -3.0105893751770534
-0.35898183307696524    -7.785608933066717
-5.421352549817471    -4.916017022814488
-0.0497581506523787    -4.945586159796321
5.201122476882828    1.3766866023567648
5.699412286894303    0.034905557836358805
6.776932964865445    -5.982826105795684
-8.392173360809151    -0.8161876593909485
2.368457123746257    -1.0539506299886643
2.958241088786213    5.430529431962646
1.3840391339753328    3.0758900410127574
-1.5563263143474126    -0.6898923537383388
5.66500738791561    7.028689371476715
3.503670021364615    -7.284035461198543
-5.388901446815393    2.4219483575012344
8.421599444440329    -4.147347137493776
0.5700487805006488    -3.661601786825243
-2.7144646608389196    5.564832230244887
-6.8128915707160855    -6.834364892407474
-2.423777423589327    5.85908121468656
1.8968809833939761    -6.822038379458271
-9.589377787624183    -6.9639175632813215
-1.2639361822011406    5.274238722324299
1.8913881464898852    -3.05698346576921
-1.6616502079592537    3.86454070802983
0.006059167898765356    8.831846259458485
-5.491295485193506    0.45908972353336613
2.228864487354514    -7.9417970118886885
-6.369602645320242    -0.5457142529774079
2.7103516062433304    2.3984003135238328
2.856297539372398    3.7665229198098196
-1.9175059744072536    -5.040808560774074
-1.33589473874723    -7.424770421648447
5.535854006273005    -4.541367274639653
-4.616509565757204    -2.2705164869210943
-0.6340436478317969    -11.270126247156744
-5.900964633283212    0.7107383854173529
-4.023735247712772    -6.2763553734892845
-5.3804787576349025    2.6371849806685246
2.172981421486277    4.114854898897809
7.017512391374702    -2.3145798058056988
4.610037533855347    -4.6871818250162045
-1.5511668163360992    8.6132862088861
-5.604501035354535    -2.4698220015988213
9.339072386325967    -11.310990822548279
1.0519339497980322    4.292003892876196
4.793243578595811    5.321256685654699
-0.36849455564233974    10.128621721678522
-0.42374099541442317    1.6080394794761572
11.436623234266943    7.682135995075229
-1.8821357659371274    7.924335667702052
7.791191844668776    3.3538081969257303
4.2665117776574615    -0.38335776306158753
-0.8637994173320146    1.043439264329374
7.865062316293406    -9.880072053957557
-11.938443503004999    -5.731076957492545
-0.13930470278705429    16.591479346365773
6.215167695944273    -4.570099938547558
1.289909828417753    -2.8067094044517984
9.974167851508222    -2.2538013402703747
-7.987291126641114    -1.153849546813486
3.196402081766505    -1.7325857184861544
-1.5144675496331734    2.8334969911165633
8.914401219035149    1.047780825258152
7.81216540914183    -1.5239274407816517
-8.068361869950719    -2.7196211404915682
0.9232911197234727    -2.217984666725478
0.40832921933202265    8.987804611849592
-3.5568530138337806    -1.9859284858448298
3.293241155995313    2.7326795459641025
-3.8322248861462955    -1.0895554810018204
1.9615435101648233    -5.250755498120673
14.816326280723654    -6.3258709583100075
-0.35197337042968774    -6.132005492148739
-5.514555467552515    -3.392408480931171
11.17485962212002    1.4374528212018765
13.638673766710388    5.700813541150915
0.18362791873535372    2.757350297669859
-0.3675742993191031    2.9846658776466937
1.1625963578391758    0.040726500398939366
-1.123169759119518    3.1928711560158685
1.0719040302727239    1.6599106878864094
5.761130447057945    -1.2766680133872996
-4.082065971302547    -5.940201590155431
11.18958916764562    2.4920361062101724
-5.730624707199958    -2.5711411330090645
-0.3514326272105237    3.0064825171363068
-2.4528966937809216    -5.0725852705535495
6.563472827270275    -3.8913669958616275
8.255910268365763    2.7950015197974265
10.013932814254845    4.615697841802126
3.419560985728123    5.257132256341802
-6.407292166124625    -8.38634978623821
6.870646785041357    -7.083579099594884
0.6626512043336013    16.75926119752202
3.695772990295862    4.376082537455201
12.853881872164134    7.405786748919571
3.667031617301106    3.0182945680276885
-1.5777534145688903    0.07956583603146761
-15.128873195732984    1.229592472521296
1.5775351739436185    9.860522623219037
-10.087980705867748    -3.7533687936072795
4.742978943879762    -0.2538332244007308
2.7686529182394675    3.486805001772114
-2.5624661195109413    -6.789088350337412
5.887591585918264    -8.159821202003515
-0.8435382676778209    8.106539090356634
-2.7807161467850845    -4.848269064246214
-10.50311649645198    -3.8258414878023994
7.187285848510335    2.820437924389909
4.132283631485769    0.8630638403426453
-0.05661826313008023    -2.2468925428676
-5.57638042523223    2.365590081348059
8.519133864247268    -4.8852892604778635
10.832291815467222    -0.6900778109712036
1.572764879507142    0.2994482396690334
5.1577154039128414    1.659391086423785
-5.66082184186357    7.362260003611809
4.553897687865739    -1.1114525199714897
-5.256694811815893    1.4126108711106584
1.2194633947118476    -5.622597842392873
-0.5649900687568754    -2.7827395949331657
3.6071666736656263    -9.217742624192777
0.1503994232648767    -3.4717120096411946
7.058075223534249    11.04055116906877
9.13408825895819    0.5862498504650665
-0.746525346549117    -3.3687604244853193
-0.7833524213159274    2.4869171207569645
10.39740211558805    2.3758836310756575
0.3007794082757229    14.8192023413651
-6.87728873028996    -1.0624125703293397
-1.1393912509421669    -14.024633897827497
2.103709791761347    -5.169530728875179
-6.198044055366817    2.1532045901887162
1.3622051829966997    0.6773138542709356
2.564208360228548    0.02349733274811802
-4.079776480615695    -5.933456083066534
-3.541103653119992    1.5686749449438644
6.337775113720653    -4.532773760392141
-2.0048298777249314    -0.048850390111029394
-5.8883763113567085    -8.87444058137027
6.3226297283554045    1.120432219391395
6.49617297922829    -3.350930652442231
5.201384553034209    -0.17765237419455027
-4.116986368793517    -2.1722449090754545
0.7448919489363219    -0.6706455081957373
-1.0656355664724098    4.595717028135489
-4.159252107791232    5.977006491444261
0.849218651094061    7.930560149529871
-2.3554100440132424    10.023552093984382
-4.432780184812051    -5.724037147248663
1.6899220983120273    -0.09023753343039671
8.788597007507635    -0.30468282473783
-8.451473578427926    2.68100789414574
-3.1843504921264425    3.9914119552567255
-2.877193269757965    -5.556127961158481
-10.23590647057332    -2.592775467776041
0.8696060343174593    0.3359489993297128
-1.9758288773725097    -8.172266150818873
2.7921936403974676    4.4381649669467595
-6.782872687513292    -5.801144827101841
7.588841893722858    -6.2836520129686475
-0.10695336610190102    0.7692294718986222
-1.9852897812289025    -3.8466802775868763
-7.529264620319874    3.4493997532944207
-4.036692780365952    -4.295728982401987
-6.5372099748179435    -5.629326736369885
-1.5002478567085689    -3.7193552926047855
-0.9726936496882065    0.33156129952863234
-1.327804945780055    -0.10591886651369767
1.4668367661088264    -0.025275942129362333
-7.258632531215981    -4.811642283630125
-7.7288745329690745    9.692382774503242
-4.032463323191369    -1.4908755988946218
5.888566393010654    -0.9615633037515345
5.8853551488135585    -4.111633734686892
-5.209792309677306    -1.5348087502196968
0.37450726937874546    -4.215269103786107
4.160392392210734    -17.34658954709244
14.299754093555226    -6.95846220876041
0.9363582603324824    -5.169615247263064
-4.245209918090878    -2.022527949116927
-7.694393474906255    2.8845482054022855
2.6455318014826585    -5.375184705142905
-3.3441895748879173    -1.6268256758683566
-1.1509451666090993    0.47190786258104206
3.637423538028337    -1.0067728352583887
14.654594643466922    8.344106012785907
-1.3833379105035541    -3.1315560710713286
5.704248868986242    4.047770126199044
2.3765851377855904    9.612343571312799
-1.9555352043957126    -1.6239871971085187
5.22001600770878    8.834776397643823
-0.7562719987678888    2.2259621092515545
-8.713078864688015    1.3158761121138947
-0.5178685780512818    1.5306848952818182
-3.9630557132397373    -3.3229401964554857
5.142282968487808    -3.9510515486849602
4.636233660800692    -5.373455202239221
-10.401404021985545    7.927174115978381
10.39446187979779    10.12204451493206
-3.4143479609369276    0.5977980853635377
-2.8445023464154606    -3.570443160095287
2.470144663356377    -2.551789592226455
-3.2618353781250624    4.637331114271281
0.46263455102316714    -0.9965096624031389
6.942321242121912    -2.7475040205078423
3.2216110056741156    -6.390520086691949
-0.8483464110459518    1.3864309144158737
-3.584327438919254    -2.842535883807173
0.5689052779907307    -2.820311712672951
-0.8586171882153062    2.5382481904917453
2.1233369182310056    -2.880382881799582
2.3319145093191436    -0.954344828417823
